"wl.2","X1.2","X2.2","X3.2","X4.2","X5.2","X6.2","X7.2","X8.2","X9.2","X10.2","X11.2","X12.2","X13.2","X14.2","X15.2","X16.2","X17.2","X18.2","X19.2","X20.2","X21.2","X22.2"
300,2.36106582483468,1.71563689118097,2.7543703197874,2.2484307539139,1.20667031795733,2.15766237819596,4.29288705996908,2.20927164630106,2.47819288016437,1.59219874715876,0.918465293104589,1.58215146172865,1.85356752776745,1.61713087108413,1.06391257214156,2.90734586417849,3.49479797517506,0.718227298876381,0.620922039790122,1.76354320541643,2.82486768882881,2.27539206793675
301,2.37686250082097,1.71106912904765,2.7801555695787,2.27123409582403,1.23618807755722,2.18171691463772,4.34900831535311,2.21305728020917,2.47910265303913,1.60956388271398,0.916311426880817,1.61097129063441,1.86891409119132,1.62021298187053,1.08116541454007,2.91847837900983,3.50169313113616,0.714611713743293,0.643111066094517,1.78888905099956,2.84429557904619,2.31655972739796
302,2.39242212933378,1.70686973303637,2.8092647412504,2.29345034016468,1.26554102904585,2.20553538353483,4.40330002014504,2.21707513311539,2.48005828309446,1.62674127664283,0.914240874190911,1.63929489933539,1.88405161345667,1.62340542977699,1.09823503949502,2.92935818822676,3.50945828216873,0.711260807910056,0.665087011263832,1.81382940649858,2.86352412049253,2.35686904759611
303,2.40775582818124,1.70307194109546,2.83897797009574,2.31509331963984,1.29475640843325,2.22916160777268,4.45575732447433,2.22137861353034,2.48106881186253,1.64374980315081,0.912243679857562,1.66716136153185,1.89899639959556,1.62672522565135,1.11512850326756,2.94000751994046,3.51818185574425,0.708185872509353,0.686867256306328,1.83838057860545,2.88261306960823,2.39635135519778
304,2.4228747151715,1.69970899117327,2.8679367977004,2.33617686695349,1.32386145172946,2.25263941023666,4.50637537847043,2.22602112996465,2.48214328087553,1.66060833644345,0.91030988870346,1.69460975092408,1.91376475464004,1.63018938034149,1.13185286211883,2.95044860226211,3.52795227933422,0.705398198673873,0.708469182230267,1.86255887401211,2.90162218283365,2.43503797686951
305,2.43778990811267,1.69681412121815,2.89614267292799,2.35671481480963,1.35288339494452,2.27601261381216,4.55514933226279,2.23105609092896,2.48329073166562,1.67733575072624,0.908429545551295,1.72167914121239,1.92837298362218,1.63381490469527,1.14841517230998,2.96070366330288,3.53885798041013,0.702909077536299,0.729910170043908,1.88638059941053,2.92061121660919,2.47296023927788
306,2.45251252481289,1.69442056917844,2.92359704464212,2.37672099591227,1.38184947408846,2.29932504138456,4.60207433598087,2.23653690493389,2.48452020576501,1.6939509202047,0.906592695223757,1.74840860609704,1.94283739157404,1.63761880956055,1.16482249010216,2.97079493117396,3.55098738644348,0.700729800229319,0.751207600755515,1.90986206149265,2.93963992737522,2.51014946908944
307,2.46705368308028,1.69256157300249,2.95030136170639,2.39620924296538,1.41078692517132,2.32262051583925,4.64714553975413,2.24251698049007,2.48584074470585,1.71047271908434,0.904789382543536,1.77483721927833,1.95717428352766,1.6416181057852,1.1810818717565,2.98074463398652,3.56442892490575,0.698871657885618,0.772378855373347,1.93301956695041,2.95876807157213,2.54663699297076
308,2.48142450072299,1.69127037063863,2.9762570729844,2.41519338867296,1.43972298420314,2.34594286006163,4.690358093712,2.24904972610814,2.48726139002034,1.72692002157067,0.903009652333324,1.80100405445654,1.97139996451512,1.64582980421709,1.19720037353417,2.99057499985174,3.57927102326844,0.697345941637882,0.793441314905666,1.95586942247578,2.9780554056403,2.5824541375884
309,2.49563609554915,1.69058020003522,3.00146562733975,2.43368726573901,1.46868488719396,2.36933589693707,4.73170714798395,2.25618855029872,2.48879118324065,1.7433117018692,0.901243549415809,1.82694818533196,1.98553073956848,1.65027091570408,1.2131850516963,3.0003082568808,3.59560210900304,0.696163942618797,0.814412360360733,1.97842793476071,2.99756168602012,2.61763222960892
310,2.50969958536687,1.69052429914059,3.02592847363606,2.45170470686752,1.49769987015382,2.39284344935097,4.77118785269943,2.26398686157245,2.49043916589897,1.75966663418544,0.899481118613683,1.85270868560488,1.99958291371978,1.65495845109404,1.22904296250404,3.00996663318488,3.61351060958106,0.695336951961048,0.835309372746809,2.00071141049713,3.01734666915196,2.65220259569889
311,2.5236260879843,1.69113590590309,3.04964706073692,2.46925954476249,1.52679516909275,2.41650934018871,4.8087953579879,2.27249806843995,2.49221437952746,1.7760036927249,0.897712404749635,1.87832462897558,2.0135727920011,1.65990942123482,1.24478116221853,3.01957235687516,3.63308495247397,0.694876260797322,0.856149733072156,2.02273615637702,3.03747011147621,2.68619656252487
312,2.53742672120956,1.69244825827106,3.07262283750594,2.4863656121279,1.55599802002079,2.44037739233568,4.8445248139788,2.28177557941185,2.49412586565832,1.7923417516931,0.895927452646357,1.90383508914435,2.02751667944449,1.6651408369743,1.26040670710092,3.02914765606281,3.65441356515327,0.694793160260305,0.876950822345034,2.04451847909231,3.05799176943326,2.71964545675342
313,2.55108879606899,1.69448844823405,3.09483320659247,2.50301647392816,1.58532198097331,2.46446732110332,4.87828993622571,2.29183996375998,2.49617313688372,1.80871791616946,0.894117683913025,1.92927033120753,2.04145273820015,1.67066320636925,1.27596942691165,3.03869955907296,3.67759726368963,0.695110674894496,0.897721749337406,2.06608979418516,3.07892934519566,2.7525321288869
314,2.56458228937281,1.69722146725982,3.11625763656405,2.51918286443466,1.61473098407725,2.48871795176372,4.91002806243625,2.30261549103288,2.49833925034183,1.82513008216796,0.892292748019734,1.9545874301623,2.05538360871237,1.67645526099436,1.29149781920135,3.048195351415,3.70256462223711,0.695828082434297,0.918439774289276,2.08744742380786,3.10019266396584,2.78478693499646
315,2.57789231760495,1.70058740251409,3.13690067516154,2.53484437031193,1.64417782648004,2.51305177214319,4.93976977597086,2.31401112015626,2.50060856438379,1.8415383102959,0.890470031580541,1.97971567456025,2.06927231345438,1.68248634697432,1.30696694191648,3.05759764697651,3.72914570539231,0.696921053797242,0.939074505410966,2.10855653456755,3.12167966672895,2.8163624601018
316,2.59100399724938,1.70452634116258,3.15676687012579,2.54998057822448,1.67361530532909,2.5373912700681,4.96754566019005,2.32593581005583,2.50296543736076,1.8579026611606,0.888666921209506,2.00458435295297,2.08308187489938,1.68872581043386,1.32235185300348,3.06686905964509,3.7571705777518,0.698365259900869,0.959595550912799,2.12938229307136,3.14328829447014,2.84721128922267
317,2.60390244479004,1.70897837037099,3.17586076919767,2.56457107483682,1.70299621777181,2.56165893336477,4.99338629845426,2.33829851965729,2.50539422762389,1.87418319536936,0.886900803520689,2.02912275389202,2.0967753155206,1.6951429974977,1.33762761040881,3.0759722033083,3.78646930391217,0.700136371662712,0.979972519005098,2.14988986592646,3.16491648817456,2.87728600737877
318,2.61657277671088,1.71388357730504,3.19418692011804,2.57859544681346,1.73227336095562,2.58577724985954,5.01732227412398,2.35100820788635,2.50787929352432,1.89033997352949,0.885189065128148,2.05326016592899,2.11031565779123,1.70170725429054,1.35276927207893,3.08486969185375,3.81687194847001,0.702210060000307,1.00017501789819,2.17004441973997,3.18646218882737,2.90653919958982
319,2.62900010949584,1.71918204913045,3.21174987062776,2.59203328081891,1.76139953202794,2.60966870737876,5.03938417055967,2.36397383366873,2.51040499341321,1.90633305624831,0.883549092645944,2.07692587761546,2.1236659241845,1.70838792693711,1.36775189596029,3.093524139169,3.8482085760219,0.70456199583119,1.02017265580239,2.18981112111905,3.20782333741372,2.93492345087556
320,2.64116955962888,1.72481387301293,3.22855416846769,2.60486416351768,1.79032752813619,2.63325579374877,5.05960257112182,2.37710435593013,2.51295568564171,1.92212250413311,0.881998272688135,2.10004917750301,2.13678913717363,1.71515436156211,1.38255053999935,3.10189815914165,3.88030925116442,0.707167850072898,1.03993504092802,2.20915513667083,3.22889787491877,2.9623913462557
321,2.65306624359394,1.73071913611818,3.24460436137869,2.6170676815743,1.81901014642777,2.6564609967959,5.07800805917089,2.39030873359626,2.51551572856095,1.93766837779121,0.880553991868782,2.12255935414321,2.14964831923181,1.72197590429027,1.39714026214254,3.10995436565927,3.91300403849418,0.710003293642964,1.05943178148541,2.22804163300246,3.24958374232766,2.98889547074996
322,2.66467527787498,1.73683792561193,3.25990499710163,2.62862342165326,1.84740018405011,2.67920680434649,5.09463121806736,2.40349592559283,2.5180694805221,1.95293073782992,0.879233636801942,2.14438569608765,2.16220649283228,1.72882190124629,1.41149612033634,3.11765537260946,3.94612300260774,0.713043997458926,1.07863248568488,2.24643577672108,3.26977888062556,3.01438840937806
323,2.67598177895594,1.74311032865989,3.27446062337736,2.63951097041909,1.87545043815062,2.70141570422689,5.10950263117169,2.41657489084555,2.52060129987631,1.96786964485654,0.878054594101677,2.16545749188791,2.17442668044823,1.7356616985549,1.42559317252719,3.1249637938798,3.97949620810169,0.716265632438319,1.09750676173676,2.26430273443384,3.28938123079761,3.03882274715973
324,2.68697086332077,1.74947643242777,3.28827578794674,2.64970991453629,1.90311370587672,2.72301018426343,5.12265288184437,2.42945458828012,2.52309554497472,1.98244515947838,0.877034250382044,2.18570403009556,2.18627190455289,1.74246464234081,1.43940647666155,3.13184224335786,4.01295371957263,0.719643869498678,1.11602421785136,2.28160767274788,3.30828873382897,3.06215106911469
325,2.69762764745341,1.75587632408129,3.30135503855063,2.65919984066938,1.93034278437583,2.74391273228246,5.13411255344586,2.44204397682226,2.52553657416848,1.99661734230276,0.876189992257104,2.20505459926219,2.19770518761947,1.74920007872872,1.45291109068586,3.13825333493125,4.04632560161713,0.72315437955754,1.13415446223901,2.29831575827034,3.32639933070478,3.08432596026265
326,2.70835655092591,1.76332158814906,3.31386850434799,2.66849344154701,1.95803716343261,2.76530556968705,5.14439470232505,2.45610751771951,2.52812888162914,2.01088665765068,0.875221338193891,2.22462238873739,2.20902782145122,1.75635532544553,1.46609581440355,3.14494779187562,4.08214395525029,0.727031020897971,1.15243430906186,2.314784484269,3.34547396256686,3.10628081483569
327,2.71948840708282,1.77265812880861,3.32594163384559,2.67800958027183,1.98694458087503,2.78819396687299,5.15386604349871,2.47311050641118,2.53105209589721,2.02568244048091,0.873880423523212,2.24534579786456,2.22051473003278,1.76434237414395,1.47897940318112,3.15254707411838,4.12255761446464,0.73148107691351,1.17131248564624,2.33132902657704,3.36699065813222,3.12879524004688
328,2.73089795306689,1.78357751269898,3.33751195380598,2.68758709906931,2.01679020591542,2.8122349851557,5.16233764832915,2.49251315311062,2.53425327687727,2.04085805735733,0.872263560154785,2.26689193018599,2.23208938410946,1.77301758183743,1.49158184830972,3.16081990052469,4.16682174332301,0.736440356187401,1.19062646994872,2.34785107564963,3.39042298974885,3.15159114038747
329,2.74245992602084,1.79577130645923,3.34851699099174,2.69706484016494,2.04729920776613,2.83708568585056,5.16962058817869,2.51377566803115,2.53767948447392,2.05626687484386,0.870467059998327,2.28892788924397,2.24367525442655,1.78223730553943,1.50392314108048,3.16953498995971,4.21419150588818,0.74184466730289,1.21021373992587,2.36425232194198,3.41524452976476,3.17439042034871
330,2.75404906308742,1.80893107672841,3.35889427216545,2.70628164578421,2.07819675563951,2.862403130273,5.17552593440966,2.53635826138612,2.54127777859176,2.0717622595044,0.868587234963555,2.31112077858079,2.25519581172933,1.7918579022634,1.51602327278455,3.17846106128859,4.26392206622296,0.747629818843221,1.22991177353429,2.38043445590929,3.44092885052793,3.19691498442186
331,2.76554010140938,1.82274839014557,3.36858132408968,2.71507635815261,2.1092080187479,2.88784437973841,5.17986475838436,2.55972114338887,2.54499521913538,2.08719757790284,0.866720396960186,2.33313770173874,2.26657452676312,1.80173572902279,1.52790223471307,3.18736683337649,4.31526858839015,0.753731619391639,1.24955804873054,2.39629916800675,3.46694952438635,3.21888673709816
332,2.77680777812944,1.83691481334978,3.377515673527,2.72328781949561,2.14005816630363,2.9130664955622,5.18244813146511,2.58332452425274,2.54877886600937,2.1024261966031,0.864962857897938,2.3546457622601,2.27773487027319,1.81172714283105,1.53958001815715,3.19602102508858,4.36748623645255,0.760085877531388,1.2689900434712,2.41174814868956,3.49278012368803,3.24002758286886
333,2.78772683039036,1.85112191298007,3.38563484723998,2.73075487203871,2.17047236751906,2.93772653905977,5.18308712501423,2.60662861419107,2.55257577911833,2.11730148216906,0.863410929686529,2.37531206368718,2.28860031300485,1.82168850070165,1.55107661440796,3.20419235529,4.41983017447295,0.766628401845715,1.28804523571284,2.42668308841293,3.51789422078095,3.26005942622521
334,2.79817199533486,1.8650612556755,3.39287637199119,2.73731635800739,2.20017579160652,2.96148157154652,5.18159281039403,2.62909362341719,2.55633301836685,2.13167680116464,0.862160924235675,2.39480370956226,2.29909432570339,1.83147615964804,1.56241201475662,3.21164954284593,4.47155556651417,0.773295000917864,1.30656110341206,2.44100567763204,3.54176538801311,3.27870417165846
335,2.80801801010569,1.87842440807513,3.3991777745432,2.74281111962714,2.22889360777837,2.98398865433787,5.17777625896683,2.65017976214445,2.55999764365952,2.14540552015374,0.861309153455093,2.41278780342763,2.30914037911411,1.84094647668366,1.57360621049426,3.21816130662152,4.52191757663899,0.780021483331079,1.32437512452541,2.4546176068021,3.5638671977325,3.29568372365986
336,2.8171396118456,1.89090293681801,3.40447658165859,2.74707799912343,2.25635098524694,3.00490484874921,5.17144854209495,2.66934724058619,2.56351671490095,2.15834100570026,0.860951929254502,2.42893144882558,2.3186619439823,1.84995580882197,1.58467919291204,3.22349636548192,4.57017136891023,0.786743657668605,1.34132477700949,2.46742056637831,3.58367322228712,3.31071998672066
337,2.82541153769731,1.90218840854319,3.40871032009994,2.74995583872177,2.28227309322458,3.02388721609596,5.1624207311407,2.68605626895574,2.56683729199572,2.1703366243681,0.861185563543618,2.44290174929841,2.32758249105325,1.85836051307644,1.59565095330108,3.2274234382923,4.61557210739067,0.793397332513687,1.35724753882087,2.47931624681586,3.60065703402496,3.32353486533211
338,2.83270852480356,1.91197238988972,3.4118165166298,2.75128348064763,2.30638510092362,3.0405928176935,5.1505038974664,2.69976705746644,2.56990643484843,2.18124574272117,0.862106368232158,2.45436580838839,2.33582549107226,1.8660169464605,1.60654148295252,3.22971124391782,4.65737495614313,0.799918316449571,1.37198088791612,2.49020633856995,3.61429220529402,3.33385026398545
339,2.83936968074165,1.92116441773672,3.41286643727432,2.75047270938185,2.32993341451649,3.05607382946055,5.13328634376099,2.71147967342617,2.57351774577737,2.19203526622173,0.864241900668272,2.46380868267299,2.34429713880568,1.87374345673737,1.61821013973552,3.2303277145865,4.69920522951095,0.807057454191303,1.38660561645566,2.50093193264781,3.62522287665516,3.34129468799147
340,2.84576994825615,1.93076727976054,3.41124486636808,2.74726641682453,2.35411691014605,3.07146668038826,5.10917818754124,2.72249991716589,2.57830092751606,2.20357399427087,0.867861712331243,2.47194710306423,2.35374838159595,1.88229207770707,1.63127400573385,3.22949763665056,4.74450980116205,0.815440982069186,1.40208123921699,2.51221615646758,3.6344864044432,3.34588929593673
341,2.85183781724078,1.94061241879611,3.40735960813635,2.74200010633005,2.37858946198034,3.08655481140075,5.07922322241118,2.73274659843355,2.58395719059189,2.21556813434069,0.872675106327492,2.47879568460622,2.36386981905242,1.89141969543831,1.64538965856062,3.22737501016143,4.79227617414605,0.824817796089347,1.4180633180823,2.5237837551008,3.64214618466704,3.34794497222615
342,2.85750177758924,1.95053127767836,3.40161846680438,2.73500928125281,2.40300494418741,3.10112166342214,5.04446524197484,2.74213852697713,2.59018774553226,2.22772389390331,0.878391385763438,2.4843690423431,2.37435205078449,1.90088319599979,1.66021367582892,3.22411383517055,4.84149185151261,0.834936792257917,1.4342074149338,2.53535947361903,3.64826561333559,3.34777260126467
343,2.86269031919525,1.96035529924222,3.39442924659743,2.72662944494718,2.42701723093529,3.11495067737655,5.00594803983627,2.75059451254459,2.59669380286457,2.23974748043086,0.884719853745501,2.48868179131896,2.38488567640153,1.9104394654602,1.67540263515185,3.21986811172937,4.89114433631135,0.84554686658102,1.45016909165366,2.54666805709383,3.65290808645774,3.34568306745719
344,2.86733193195253,1.96991592632262,3.38619975174075,2.71719610076755,2.45028019639202,3.1278252941881,4.96471540959949,2.7580333648839,2.60317657311622,2.25134510139543,0.891369813380103,2.49174854657794,2.39516129551291,1.91984538988825,1.6906131141425,3.21479183988933,4.94022113159192,0.856396915064788,1.46560391012411,2.55743425059674,3.65613700004239,3.34198725520865
345,2.87135510575477,1.97904460175449,3.37733778645961,2.70704475206831,2.47244771472565,3.1395289547809,4.92181114486854,2.76437389374301,2.60933726681462,2.26222296426915,0.898050567773663,2.49358392316416,2.40486950772803,1.92885785535263,1.70550169041397,3.20903901970187,4.98770974040394,0.867235833715347,1.48016743222732,2.56738279919933,3.65801575009846,3.33699604892398
346,2.87468833049569,1.98757276837275,3.36825115497925,2.69651090220384,2.49317366010421,3.14984510007907,4.87827903924747,2.76953490886989,2.61487709448716,2.27208727652412,0.904471420032601,2.49420253612173,2.41370091265625,1.93723374792205,1.71972494157935,3.20276365121843,5.03259766579706,0.877812518538825,1.49351521984549,2.57623844797313,3.65860773263484,3.3310203330081
347,2.87726009606901,1.99533186901235,3.35934766152494,2.68593005452853,2.51211190669575,3.15855717100673,4.8351628863403,2.77343522001251,2.61949726666124,2.28064424563247,0.910341673263338,2.49361900049478,2.42134610990696,1.94472995366521,1.73293944525175,3.19611973449044,5.07387241082092,0.887875865541351,1.50530283486083,2.58372594198971,3.65797634366043,3.32437099186593
348,2.87899889236842,2.0021533465082,3.35103511032194,2.67563771239676,2.5289163286683,3.165448608488,4.79350647975107,2.77599363691884,2.62289899386426,2.28760007906631,0.915370630572294,2.49184793132741,2.42749569908954,1.95110335865079,1.74480177904425,3.18926126956936,5.11052147852515,0.897174770729053,1.51518583915552,2.58957002632063,3.65618497918415,3.3173589099024
349,2.87983320928765,2.00786864369524,3.34372130559549,2.66596937916292,2.5432408001899,3.17030285344699,4.75435361308382,2.77712896933683,2.62478348662362,2.29266098429774,0.919267595065889,2.48890394366376,2.43184027981336,1.95611084894752,1.75496852056996,3.18234225650661,5.14153237195938,0.905458130108058,1.52281979461177,2.59349544603742,3.65329703521488,3.31029497152243
350,2.8796915367204,2.0123092034084,3.33781405157086,2.6572605581814,2.5547391954286,3.17290334680783,4.71874807994258,2.77676002701445,2.62485195546672,2.29553316879889,0.921741869850544,2.48480165254795,2.4340704516878,1.95950931062407,1.76309624744197,3.17551669535365,5.16589259417326,0.912474839684495,1.52786026311177,2.59522694621165,3.64937590776153,3.30349006113096
351,2.87845979529972,2.0153281902156,3.33205426570235,2.64820413395721,2.56335364400737,3.17181079833277,4.68374448375433,2.77365789052161,2.62326609636436,2.29580649173618,0.923252061531577,2.47736434309585,2.43367606553826,1.96150785004334,1.76937290215452,3.16768404422185,5.18257549185041,0.918565136925062,1.53018421354046,2.59430397880802,3.64214689540406,3.29448920414892
352,2.87613652432448,2.01699369736614,3.32505913416161,2.63745320448641,2.56943584129783,3.16618565835948,4.64603787819688,2.76700744277939,2.62048383954497,2.29350014361634,0.924484859541664,2.46494387645629,2.43061235425791,1.96253162180908,1.77430881337462,3.15785359253803,5.19195338510911,0.924245833461517,1.53008824980754,2.59068731147526,3.62983096026036,3.28111270580428
353,2.87281914168713,2.01745956071698,3.31705086424993,2.62528359335995,2.57325401009098,3.15671097867519,4.60613273225055,2.7573481970625,2.61665074692245,2.288964328922,0.925491691228259,2.44834773172282,2.42526799055776,1.96266158435137,1.77804413797453,3.14634408732686,5.19511223715097,0.929530686547581,1.52785738633233,2.58473366281099,3.61323499364623,3.26408437021244
354,2.8686050652801,2.01687961612508,3.3082516632686,2.61197112416876,2.57507637317782,3.14406981106715,4.56453351489562,2.74521966664564,2.61191238041071,2.2825492521358,0.926323983938817,2.42838338798896,2.41803164714886,1.96197869610026,1.7807190328265,3.13347427561294,5.19313801117763,0.934433453436975,1.52377663753416,2.57679975141282,3.59316588687746,3.24412800148883
355,2.86359171299583,2.01540769944741,3.29888373851891,2.59779162050377,2.57517115334936,3.12894520732259,4.5217446951124,2.73116136480354,2.60641430192365,2.27460511774034,0.92703316502079,2.40585832434825,2.40929199674222,1.96056391548581,1.7824736548028,3.11956290442093,5.18711667039071,0.938967891383417,1.51813101783235,2.56724229587838,3.57043053126985,3.22196740374886
356,2.85787650272678,2.01319764654093,3.28916929730214,2.58302090595593,2.57380657339658,3.11202021922875,4.47827074188121,2.71571280481088,2.60030207337515,2.26548213021826,0.927670661821634,2.38158001989423,2.39943771204889,1.95849820093808,1.78344816077569,3.10492872077546,5.17813417799182,0.94314775764063,1.51120554164621,2.55641801480527,3.54583581813919,3.19832638110795
357,2.85155685236538,2.0104032932626,3.27933054691958,2.56793480411618,2.5712508561105,3.09397789857286,4.43461612418233,2.6994134999424,2.59372125667912,2.25553049405217,0.928287901688801,2.35635595372042,2.38885746577989,1.95586251088711,1.78378270761741,3.08989047170116,5.16727649718258,0.946986809462332,1.50328522339508,2.54468362679112,3.52018863880129,3.17392873768152
358,2.84473017980407,2.0071784754694,3.26958969467252,2.55280913857544,2.56777222428211,3.07550129714216,4.39128531099607,2.68280296347279,2.58681741374946,2.24510041372471,0.928936311969747,2.33099360492038,2.37793993064624,1.95273780376298,1.78361745220023,3.07476690422268,5.15562959116463,0.950498804102244,1.49465507749828,2.53239585043354,3.49429588457194,3.14949827758498
359,2.83749390293529,2.00367702901828,3.26016894786225,2.53791973292466,2.56363890070242,3.05727346672389,4.34878277130274,2.66642070867676,2.57973610650006,2.23454209371849,0.929667320011924,2.30630045258763,2.36707377935898,1.94920503799574,1.78309255139641,3.05987676536464,5.14427942313958,0.953697498814085,1.48560011837512,2.51991140433015,3.46896444676693,3.12575880493376
360,2.8299454396515,2.0000527897662,3.25129051379005,2.52354241075478,2.55911910816243,3.03997745910528,4.30761297408263,2.65080624882903,2.57262289684482,2.22420573851613,0.930532353162787,2.2830839758157,2.35664768462915,1.94534517201544,1.78234816207821,3.04553880215168,5.13431195630905,0.956596650851577,1.47640536044494,2.50758700707856,3.44500121670206,3.10343412384326
361,2.82218220784512,1.99645959357014,3.24317659975722,2.50995299565673,2.55448106945313,3.02429632607358,4.26828038831606,2.63649909720431,2.56562334669765,2.21444155260026,0.93158283876979,2.26215165369814,2.34705031916775,1.94123916425215,1.78152444111787,3.03207176160843,5.12681315387467,0.95921001746844,1.46735581812705,2.49577937727639,3.42321308569314,3.08324803842891
362,2.81430162540861,1.99305127628705,3.23604941306503,2.49742731122146,2.54999300736553,3.01091311941601,4.23128948298331,2.6240387670773,2.55888301797243,2.20559974045351,0.932870204180387,2.24431096532848,2.33867035568584,1.93696797313592,1.78076154538767,3.01979439075954,5.12286897903806,0.961551355918393,1.45873650584077,2.48484523352126,3.40440694505595,3.06592435280612
363,2.80640111023441,1.98998167377391,3.23013116101479,2.48624118103989,2.54592314469063,3.00051089091982,4.1971447270647,2.61396477172271,2.55254747258307,2.19803050655849,0.934445876742031,2.23036938980025,2.33189646689443,1.93261255709681,1.78019963175985,3.00902543662964,5.12356539500083,0.963634423455157,1.45083243800544,2.47514129441078,3.38938968610629,3.05218687109031
364,2.79770440979185,1.98618166863197,3.22509443029794,2.47533098287745,2.53981091551952,2.99074686935023,4.16332854741841,2.60402841692362,2.54585113664753,2.18979383602494,0.935826572942695,2.21750660802932,2.32511634552286,1.92718314170012,1.77885939744668,2.99857083686311,5.12407689956595,0.964683433065276,1.44147608950851,2.46446435647401,3.37613530518519,3.04013371258042
365,2.78753635617573,1.9806991703161,3.22041896693327,2.46358549727389,2.52954463602829,2.97909971818694,4.12736325953074,2.59193064582279,2.53806255588982,2.17905477881477,0.936582504217879,2.20269631678435,2.31668671367643,1.91986406746147,1.77585769236665,2.98717379250596,5.11955407391198,0.964132593943847,1.42875386692504,2.45077983179408,3.36220793093905,3.02751773296099
366,2.77614599421666,1.9738635549636,3.21603771721304,2.4512091519817,2.51591585213539,2.96598464128891,4.08981316532419,2.57813542773452,2.52937847163295,2.16632113668884,0.936845340336331,2.18643701893812,2.30694978813016,1.91099746523643,1.77147890245135,2.97505894568525,5.11104700630396,0.962310657657414,1.41333168220576,2.43469736229972,3.34779965314173,3.01454484092585
367,2.76378236874525,1.9660041987118,3.2118836274295,2.43840637475335,2.49971610975926,2.9518168425151,4.05124256672126,2.56310673197309,2.51999562519991,2.15210071140804,0.9367467510668,2.16922721736339,2.29624778565905,1.90092546588056,1.76600741363236,2.96245093852804,5.09960578500693,0.959546375772526,1.3958754473014,2.41682658991964,3.33310256156707,3.0014209451688
368,2.75069452459211,1.95745047769801,3.2078896438749,2.42538159334133,2.48173695481837,2.93701152572445,4.01221576564445,2.54730852785279,2.51011075791368,2.13690130473324,0.936418406178034,2.15156541493293,2.28492292303811,1.88999020024942,1.75972761184128,2.94957441316141,5.08628049828592,0.956168499855728,1.37705107416268,2.39777715658256,3.31830874598894,2.98835195438367
369,2.73713150658785,1.94853176805956,3.20398871284151,2.41233923549811,2.46276993323118,2.92198389477592,3.97329706401626,2.53120478468791,2.49992061109726,2.12123071842531,0.935991975438781,2.1339501145195,2.27331741704235,1.87853379919858,1.7529238830097,2.93665401171242,5.07212123440599,0.952505781473568,1.35752447474032,2.37815870421722,3.30361029618119,2.97554377726429
370,2.72334235956308,1.93957744593377,3.20011378062158,2.39948372897617,2.44360659091613,2.90714915352847,3.93505076375917,2.51525947179273,2.48962192607366,2.10559675424514,0.93559912861779,2.11687981899587,2.26177348444678,1.86689839358359,1.74588061306921,2.92391437630813,5.05817808163217,0.948886972192592,1.33796156098506,2.35858087475233,3.28919930191768,2.96320232250446
371,2.70957612834841,1.93091688745796,3.19619779350736,2.38701950152799,2.42503847379169,2.89292250584105,3.8980411667957,2.49993655848153,2.47941144416585,2.09050721395359,0.935371535483808,2.10085303123481,2.25063334202641,1.85542611426001,1.7388821879514,2.91158014907561,5.04550112822949,0.945640823579346,1.31902824484762,2.33965331011662,3.27526785297226,2.95153349879801
372,2.69608185777445,1.92287946876945,3.19217369779111,2.37515098090604,2.4078571277763,2.87971915557262,3.86283257504834,2.48570001406862,2.46948590669683,2.07646989931154,0.935440865805585,2.08636825410908,2.24023920655623,1.84445909208342,1.73221299358786,2.89987597214192,5.03514046246299,0.943096087200377,1.30139043827872,2.3219856522388,3.26200803911879,2.94074321483877
373,2.68310859267182,1.91579456600555,3.1879744397651,2.36408259486281,2.39285409878843,2.86795430658212,3.82998929043958,2.47301380786826,2.46004205498961,2.06399261207987,0.935938789351868,2.07392399049146,2.23093329481127,1.83433945790936,1.72615741591018,2.88902648763413,5.02814617259773,0.941581514622231,1.28571405322909,2.30618754304761,3.24961195013113,2.93103737932054
374,2.67090537787112,1.90999155530358,3.18353296572156,2.35401877115077,2.38082093274653,2.85804316272852,3.80007561489192,2.46234190919475,2.45127663036716,2.05358315401945,0.936996975891405,2.0640187432547,2.22305782356653,1.82540934259341,1.72099984084995,2.87925633767931,5.02556834689873,0.941425857411456,1.27266500164946,2.29286862447176,3.23827167578314,2.92262190093715
375,2.65972125820296,1.90579981280087,3.17878222195277,2.3451639375224,2.37254917556905,2.85040092787076,3.77365585032786,2.45414828736238,2.44338637415249,2.04574932689116,0.938747095192945,2.05715101527157,2.21695500959702,1.81801087699111,1.71702465433876,2.87079016440451,5.02845707363103,0.942957867134597,1.26290919549055,2.28263853843998,3.22817930584865,2.91570268838242
376,2.64786633616943,1.90285290317448,3.17367224557249,2.33711771323079,2.36564872883139,2.84418377086609,3.74984079774067,2.44768184327209,2.43547459979749,2.03938986620861,0.940757648027549,2.05323074538789,2.21215874133431,1.81085422066685,1.71370681146584,2.86282189293065,5.03575543276999,0.945662290830652,1.25445910031314,2.27392440095929,3.21906364590357,2.90994046759539
377,2.63379429485785,1.90049623479161,3.1682517904749,2.32936145796949,2.35743853281412,2.8382969475304,3.72735072065962,2.44187504855967,2.42665175296713,2.033114189549,0.942560898024181,2.05164306439963,2.2079430070863,1.8025915565191,1.71034180557508,2.85450875372455,5.04552851768671,0.948773076058413,1.24507003520389,2.26487130535881,3.21051390547658,2.90485031187194
378,2.61796954997672,1.89862694932484,3.16260187812289,2.32192221015172,2.34827369149341,2.83277929216059,3.70616411481122,2.43671722864165,2.41712527330397,2.02699612176858,0.944234159238449,2.05209926310476,2.2042601734425,1.79347805040456,1.70694482998006,2.84602034693212,5.05750943673982,0.952242775164114,1.23502219240235,2.25566585955037,3.20251278027081,2.90041965094113
379,2.6008565172345,1.89714218844674,3.15680352997931,2.31482700819068,2.33850930884548,2.82766963905358,3.686259475922,2.43219770893458,2.40710260045059,2.0211094877236,0.945854745725958,2.05431063230127,2.20106260699243,1.78376886817997,1.70353107799436,2.83752627269926,5.07143129828797,0.956023940493994,1.22459576414808,2.24649467144579,3.19504296598938,2.89663591453204
380,2.58291961233969,1.89593909382987,3.15093776750706,2.30810289049959,2.3285004888465,2.82300682250629,3.66761529971848,2.42830581485499,2.39679117404956,2.01552811227031,0.947499971542314,2.05798846278716,2.19830267432557,1.77371917570202,1.70011574293154,2.82919613117189,5.08702721068979,0.960069124394288,1.21407094268062,2.2375443489569,3.1880871583354,2.89348653237375
381,2.56462325100075,1.89491480714679,3.145085612169,2.30177689549164,2.31860233547269,2.81882967681564,3.65021008192716,2.42503087181942,2.38639843374344,2.01032582026496,0.949247150743123,2.06284404536041,2.19593274203145,1.76358413882745,1.69671401810519,2.82119952249593,5.10403028230393,0.964330879211233,1.20372792023951,2.22900149999553,3.18162805301199,2.89095893419532
382,2.54643184892617,1.89396647007008,3.13932808542801,2.29587606158006,2.30916995270023,2.81517703627855,3.63402231827458,2.42236220524439,2.37613181917483,2.0055764365638,0.951173597383991,2.06858867081901,2.19390517669956,1.75361892341297,1.69334109682887,2.81370604681728,5.12217362148903,0.968761757291065,1.19384688906433,2.22105273247351,3.17564834572226,2.88904054972584
383,2.52880982182443,1.8929912242723,3.13374620874696,2.29042742717804,2.30055844450532,2.81208773519192,3.61903050448724,2.42028914054646,2.36619876998627,2.00135378602308,0.953356625520524,2.07493362996094,2.19217234491941,1.74407869531529,1.69001217241618,2.80688530428185,5.14119033660373,0.973314310980021,1.1847080413946,2.21388465430268,3.17013073216932,2.88771880869437
384,2.512221585404,1.89188621142602,3.12842100358874,2.28545803069879,2.29312291486416,2.80960060785268,3.60521313629167,2.41880100314215,2.35680672582036,1.99773169349906,0.955873549208328,2.08159021358419,2.19068661328051,1.73521862039113,1.68674243818067,2.80090689503557,5.16081353600666,0.977941092624337,1.17659156946989,2.20768387339485,3.1650579080563,2.88698114082998
385,2.49713155537338,1.89054857320381,3.12343349141622,2.28099491055553,2.28721846775293,2.80775448855775,3.59254870941438,2.417887118448,2.34816312631965,1.99478398384798,0.958801682503008,2.08826971248675,2.18940034837237,1.7272938644972,1.68354708743594,2.79594041922434,5.18077632805647,0.98259465457025,1.16977766552974,2.20263699766187,3.16041256908631,2.88681497586175
386,2.48400414744103,1.88887545127822,3.11886469369227,2.27706510516146,2.28320020714784,2.80658821160403,3.58101571958189,2.41753681188055,2.34047541112672,1.9925844819261,0.962218339460172,2.0946834174666,2.18826591678448,1.72055959349024,1.68044131349554,2.79215547699408,5.20081182111181,0.987227549163996,1.16454652181371,2.19893063501555,3.15617741096246,2.88720774351876
387,2.47330377731544,1.88676398732184,3.11479563187976,2.27369565292979,2.28142323702509,2.80614061128846,3.57059266252072,2.41773940885633,2.33395101988415,1.99120701258967,0.966200834135423,2.10054261932174,2.18723568510636,1.71527097322694,1.67744030967307,2.78972166849069,5.2206531235313,0.991792328751811,1.16117833056134,2.19675139336773,3.15233512938787,2.88814687353007
388,2.46549486070508,1.88411132300721,3.11130732744158,2.27091359227373,2.28224266136086,2.80645052190793,3.56125803395739,2.41848423479188,2.3287973922345,1.99072540069493,0.97082648058437,2.10555860885015,2.18626201992752,1.71168316956403,1.67455926928209,2.78880859386009,5.24003334367359,0.996241545679932,1.15995328401219,2.19628588063024,3.14886842006565,2.88961979562476
389,2.45982538449193,1.88084329587226,3.10772158664762,2.26873656120119,2.28596165749075,2.80788648974341,3.55422885042486,2.42011159060963,2.32477724536785,1.99145609049632,0.976784114121535,2.11093883662059,2.1852993874183,1.70962826044094,1.67094424756119,2.78946557848031,5.26040360851943,1.0011414261587,1.1614807217901,2.19729736491564,3.14579509274715,2.89194409956501
390,2.45519310486808,1.87704040934548,3.10344506294939,2.26713097922537,2.29238332790081,2.81066922981475,3.55040982361455,2.42286900416058,2.32147125348526,1.99354298921723,0.984488233341459,2.11790538262924,2.18437397924999,1.70868011671033,1.6659533574037,2.79150775731478,5.28313039053524,1.00696980056594,1.16588653925023,2.19939081571697,3.14313891782237,2.89536588088313
391,2.45153709150718,1.87283180393539,3.0986860485822,2.26604705701748,2.30111266429294,2.81461582952729,3.54931099199064,2.42660664125414,2.31881379174576,1.99680111616733,0.993604647219768,2.12619148181521,2.18354575026349,1.70870659359873,1.65991987860528,2.79475344488756,5.30781981630818,1.01354662749915,1.17272576222906,2.20251539301672,3.14089153195242,2.89976532796336
392,2.4487964140829,1.86834662015048,3.09365283578136,2.26543500524867,2.311754658369,2.81954337628633,3.55044239401732,2.43117466769972,2.31673923530843,2.00104549065633,1.00379916473209,2.13553036911764,2.18287465529968,1.70957554633268,1.65317709096161,2.79902095572271,5.33407801242542,1.02069186555582,1.18155341656309,2.20662025679742,3.13904457179844,2.90502262918998
393,2.44691014226889,1.86371399849925,3.08855371678216,2.26524503459014,2.32391430183089,2.8252689574972,3.55331406815878,2.43642324930671,2.31518195933229,2.0060911319939,1.01473759485405,2.14565527947565,2.18242064919946,1.71115483013871,1.64605827426835,2.80412860434427,5.36151110547411,1.02822547333344,1.1919245280888,2.21165456704157,3.13758967402154,2.91101797294724
394,2.44581734573882,1.85906307949019,3.08359698381993,2.26542735571306,2.33719658638048,2.83160966056522,3.55743605287921,2.44220255188454,2.3140763389764,2.01175305948975,1.02608574656127,2.15629944782835,2.18224368680371,1.71331230024336,1.63889670832118,2.80989470527631,5.38972522204142,1.03596740942949,1.20339412264269,2.21756748373168,3.13651847528284,2.91763154761939
395,2.44545709416634,1.8545230036318,3.07899092912996,2.26593217928862,2.35120650371966,2.8383825728957,3.56231838664278,2.44836274124259,2.31335674939982,2.01784629245355,1.03750942882939,2.16719610911487,2.18240372295334,1.71591581187316,1.63202567291576,2.81613757304289,5.41832648871452,1.04373763244147,1.21551722606124,2.22430816685026,3.13582261224346,2.9247435415907
396,2.44576845722512,1.85022291143258,3.07494384494757,2.26670971598798,2.3655490455503,2.84540478189396,3.56747110791369,2.45475398319029,2.31295756576158,2.024185850195,1.04867445063403,2.17807849827433,2.18296071248924,1.71883322025465,1.62577844784776,2.82267552216804,5.44692103208056,1.05135610096686,1.22784886418095,2.23182577637982,3.13549372156452,2.93223414324542
397,2.44669050458881,1.84629194340102,3.07166402350804,2.26771017648234,2.3798292035743,2.85249337496531,3.57240425515612,2.46122644353702,2.31281316322075,2.03058675202379,1.05924662095081,2.18867985024585,2.18397461025229,1.72193238061437,1.62048831291287,2.82932686717584,5.47511497872671,1.05864277360316,1.2399440628383,2.24006947230287,3.13552343990715,2.9399835409678
398,2.44816230593108,1.84285924004563,3.06935975704671,2.26888377144287,2.39365196949352,2.85946543951509,3.57662786683427,2.46763028809221,2.31285791693636,2.0368640172496,1.06889174875537,2.19873339996856,2.18550537108338,1.72508114817886,1.61648854790673,2.83590992259032,5.50251445524013,1.06541760894785,1.25135784786979,2.24898841460191,3.13590340393246,2.94787192314212
399,2.45012293092558,1.8400539418749,3.06823933779886,2.27018071154074,2.40662233500986,2.8661380629486,3.5796519814123,2.47381568266524,2.31302620206748,2.04283266518212,1.07727564302332,2.20797238238157,2.18761294982342,1.72814737817464,1.61411243262503,2.84224300293556,5.52872558820798,1.07150056559843,1.2616452451119,2.25853176325947,3.13662525030158,2.95577947815262
400,2.45251144924598,1.83800518939733,3.06851105799981,2.27155120744715,2.4183452918252,2.87232833267117,3.58098663735443,2.47963279306554,2.31325239377314,2.04830771513105,1.08406411273031,2.21613003242401,2.19035730131328,1.73099892582825,1.61369324686344,2.8481444227356,5.55335450421743,1.07671160215237,1.27036128040113,2.26864867825804,3.13768061567562,2.96358639438357
401,2.45630062093403,1.83642494790108,3.06995854156418,2.27322544328538,2.43036653675233,2.87856849734401,3.58189271521799,2.48525824011115,2.31387733715121,2.05344462145586,1.08965746529005,2.223686337654,2.19368752746487,1.73448647086955,1.61436983665192,2.8544875673132,5.57639946610967,1.08158135498208,1.27884851329854,2.2801107319089,3.13902015571459,2.97188621371481
402,2.4622865692464,1.83494680128042,3.07217709938726,2.27544731214168,2.44428435315704,2.88546739997787,3.58386642070252,2.49100204145497,2.31522396049093,2.05856868010526,1.09472513426899,2.23130591076686,2.19749456580528,1.7393900882829,1.61512648405657,2.86214150460748,5.59830270100822,1.08670342160889,1.28859925342868,2.29354822716291,3.14061791338023,2.9812570088206
403,2.47014340867909,1.83358231795301,3.07509255417531,2.27818758813165,2.45978261257073,2.89295701950238,3.58677077998543,2.49691445815864,2.31719976373843,2.06374967277277,1.09933661787178,2.23899892440744,2.20175112459827,1.74547172617663,1.61606462292726,2.87091807306704,5.61933628192377,1.09199220235368,1.29939315172328,2.30869841996203,3.14250060628624,2.99155576427683
404,2.4795452537281,1.8323430663365,3.07863072863461,2.28141704537087,2.47654518652478,2.90096933484715,3.59046881924418,2.50304575128381,2.31971224683982,2.06905738115191,1.1035614143031,2.24677555122064,2.20642991210758,1.75249333265905,1.61728568711387,2.8806291111405,5.63977228186697,1.09736209753736,1.31100985911407,2.32529856624821,3.14469495204632,3.00263946465936
405,2.49016621888945,1.83124061484856,3.08271744547144,2.28510645797495,2.49425594655057,2.90943632494182,3.59482356465617,2.50944618189215,2.32266890974124,2.0745615869362,1.10746902176762,2.25464596385133,2.21150363659694,1.76021685583849,1.61889111046629,2.89108645727645,5.6598827738485,1.1027275074808,1.3232290265328,2.3430859219634,3.14722766827418,3.01436509454406
406,2.50168041865913,1.83028653190683,3.08727852739206,2.28922660005948,2.51259876417951,2.91828996871601,3.59969804239886,2.5161660110453,2.32597725238882,2.08033207181917,1.11112893847001,2.26262033494439,2.2169450063301,1.76840424382326,1.62098232683439,2.9021019499235,5.67993983087904,1.10800283250491,1.33583030491119,2.36179774304955,3.15012547258353,3.02658963850682
407,2.51376196753314,1.82949238592899,3.09223979710276,2.29374824574006,2.53125751094296,2.92746224509933,3.60495527864966,2.52325549980491,2.32954477472867,2.08643861749432,1.11461066261493,2.27070883714468,2.2227267295708,1.77681744472169,1.62366077006805,2.91348742753025,5.70021552596924,1.11310247293057,1.34859334518098,2.38117128544861,3.15341508258807,3.03917008112351
408,2.5260849800075,1.82886974533268,3.09752707730982,2.29864216913228,2.54991605837232,2.93688513302143,3.61045829958601,2.53076490923264,2.33327897670692,2.09295100565518,1.11798369240705,2.2789216430971,2.22882151458279,1.78521840664209,1.62702787401714,2.92505472854531,5.72098193212978,1.11794082907868,1.36129779827389,2.40094380510253,3.1571232159015,3.05196340697
409,2.53832357057821,1.82843017853556,3.1030661907195,2.30387914435175,2.56825827799898,2.94649061141191,3.61607013138534,2.53874450039014,2.3370873582697,2.09993901799528,1.12131752605105,2.28726892544651,2.2352020696298,1.79336907769278,1.63118507253155,2.93661569141727,5.74251112237134,1.12243230127013,1.37372331512166,2.42085255795325,3.16127659013754,3.06482660062216
410,2.55015185374127,1.8281852539553,3.10878296003808,2.30942994551404,2.58596804135433,2.95621065920041,3.62165380022509,2.54724453433907,2.34087741936314,2.10747243620813,1.12468166175158,2.2957608568378,2.24184110297557,1.80103140598208,1.63623379946115,2.94798215459475,5.76507516970457,1.12649128982581,1.38564954665603,2.44063479994273,3.16590192290988,3.07761664665587
411,2.5612439439927,1.82814654000955,3.11460320797184,2.31526534673478,2.60272921996974,2.96597725531654,3.62707233228267,2.55631527214106,2.34455665993336,2.11562104198726,1.12814559771333,2.30440760991584,2.24871132288385,1.80796733961832,1.64227548865582,2.95896595652635,5.78894614714016,1.13003219506661,1.39685614380873,2.46002778701292,3.17102593183223,3.09019052964701
412,2.57127395582848,1.82832560511596,3.12045275722705,2.32135612212954,2.61822568537661,2.97572237868993,3.63218875373553,2.56600697485779,2.34803257992648,2.12445461702618,1.13177883214096,2.3132193573255,2.25578543761838,1.81393882670981,1.64941157396543,2.96937893566066,5.81439612768877,1.13296941731343,1.40712275751148,2.47876877510576,3.1766753345183,3.10240523417144
413,2.57991600374463,1.8287340176922,3.12625743050999,2.32767304581392,2.63214130910633,2.98537800825021,3.6368660907611,2.57636990355089,2.35121267928864,2.13404294301842,1.13565086323913,2.32220627171167,2.26303615544289,1.81870781536487,1.65774348923987,2.97903293044631,5.84169718436107,1.13521735688715,1.41622903869602,2.49659502016321,3.18287684858179,3.11411774480504
414,2.5885115192646,1.82918145729555,3.13325738485152,2.33449912749989,2.64492429503778,2.99499071459948,3.64137347861635,2.58750622865296,2.35423582846437,2.14458821886786,1.13933042651993,2.33159888051772,2.27096010895433,1.82292695279066,1.66809881882123,2.98856673526036,5.87105457652421,1.13602323986253,1.42450905389789,2.51475390021811,3.18988207238536,3.12587974002017
415,2.59842723738372,1.82951309906681,3.14245994782006,2.34206455868125,2.65727385303722,3.00466970363193,3.64606279256926,2.59942376789488,2.35731895108759,2.15615140211637,1.14242281598562,2.34153923602891,2.27995054157386,1.827363744263,1.68095555296144,2.99867005828258,5.90228123763893,1.13494518881748,1.43247101521426,2.53447054441382,3.19785090800884,3.13826199144379
416,2.60937522780588,1.82979375479889,3.15344169792821,2.35026088614639,2.66925036361715,3.01444090721529,3.65092116881373,2.61203125328574,2.3604866268885,2.16859041241443,1.14505236757614,2.3519047981529,2.28982507780163,1.83195242499317,1.69589073437513,3.00923110866557,5.9350607518563,1.13236394882762,1.44015579191938,2.55544883535806,3.20667252864173,3.15115012338374
417,2.62106756023496,1.83008823628472,3.16577921368861,2.35897965668366,2.68091420729003,3.02433025721731,3.65593574354367,2.62523741683464,2.36376343559733,2.18176316941251,1.14734341723146,2.36257302679738,2.30040134213774,1.83662723019249,1.71248140577694,3.02013809556192,5.96907670332741,1.12866026496858,1.44760425328749,2.57739265565853,3.21623610747352,3.16442976014783
418,2.63321630437482,1.83046135531722,3.17904907361386,2.36811241708146,2.69232576456833,3.03436368550572,3.66109365295297,2.63895099055068,2.36717395694428,2.19552759276109,1.14942030089151,2.37342138187004,2.31149695908234,1.84132239507225,1.73030460988149,3.03127922812423,6.00401267620332,1.12421488231599,1.45485726859283,2.60000588792296,3.22643081769369,3.17798652604389
419,2.64553352992936,1.83097792368933,3.19282785621658,2.37755071412814,2.70354541596453,3.04456712394826,3.66638203323553,2.65308070644295,2.37074277065956,2.20974160211065,1.15140735449626,2.38432732327856,2.32292955313553,1.84597215484375,1.74893738940341,3.04254271550511,6.03955225463513,1.11940854594547,1.46195570710964,2.62299241475905,3.23714583249175,3.19170604537975
420,2.65773130660244,1.83170275319395,3.20669214000939,2.38718609461209,2.71463354199112,3.05496650441269,3.67178802058527,2.66753529652056,2.37449445647337,2.22426311711166,1.15342891398565,2.39516831093061,2.33451674879746,1.8505107447183,1.76795678705734,3.05381676685716,6.07537902277389,1.11462200093264,1.46894043811216,2.64605611877451,3.24827032505717,3.20547394246324
421,2.66952170409794,1.83270065562401,3.22021850350489,2.39691010532168,2.72565052316055,3.06558775876672,3.67729875119607,2.68222349279259,2.37845359411592,2.23895005741462,1.15560931529963,2.40582180473388,2.34607617056824,1.85487239990719,1.78693984555792,3.06498959133297,6.11117656477069,1.11023599235314,1.47585233087462,2.66890088257706,3.25969346857946,3.21917584160216
422,2.68061679211973,1.83403644277244,3.2329835252157,2.40661429304528,2.73665673998531,3.07645681887812,3.68290136126185,2.69705402726815,2.38264476331743,2.25366034266998,1.15807289437816,2.41616526459606,2.35742544294801,1.85899135562174,1.80546360761976,3.07594939808515,6.14662846477661,1.10663126528258,1.48273225467128,2.69123058877441,3.27130443624811,3.23269736710435
423,2.6907286403717,1.83577492643217,3.24456378365444,2.41619020457127,2.74771257297788,3.08759961661461,3.68858298697651,2.71193563195632,2.3870925438081,2.26825189252824,1.16094398716119,2.42607615042481,2.36838219043688,1.86280184707322,1.82310511595751,3.08658439626629,6.18141830694271,1.1041885647966,1.48962107877635,2.71274911997428,3.2829924012526,3.24592414327764
424,2.69956931855771,1.8379809183961,3.25453585733373,2.42552938668802,2.75887840265072,3.09904208384393,3.69433076453394,2.72677703886622,2.39182151531815,2.28258262663987,1.16434692958866,2.43543192212783,2.37876403753498,1.86623810947296,1.8394414132858,3.09678279502899,6.21522967542008,1.10328863597081,1.4965596724641,2.73316035878437,3.29464653678243,3.25874179442984
425,2.70685089638165,1.84071923045717,3.26247632476617,2.43452338618391,2.77021460951631,3.11081015243383,3.70013183012805,2.74148698000693,2.39685625757777,2.29651046465534,1.16840605760054,2.4441100396128,2.38838860874244,1.86923437803224,1.85404954231925,3.10643280352586,6.24774615435979,1.10431222388085,1.50358890500875,2.7521681878124,3.30615601602709,3.27103594486879
426,2.71265525360638,1.84434868646972,3.26898047245223,2.44346314037439,2.78117319057012,3.1231056140986,3.70631001480931,2.75602008297942,2.40221063385825,2.31081126673915,1.17292522653424,2.45232980269136,2.39766444390521,1.87135221134775,1.86825704525993,3.11533832728505,6.28055312338871,1.10649918718695,1.51045351628372,2.77058376817249,3.31793422918829,3.28289237866384
427,2.71736517665615,1.84907208920344,3.27495531840363,2.4526891181478,2.79128122132328,3.13604819283058,3.71312199516765,2.77044691842076,2.40786324180786,2.32622167509456,1.17761366460594,2.46040685131244,2.40710756637203,1.87232763578722,1.88353154846852,3.12346825203567,6.31519191855109,1.10885258135067,1.51691565302924,2.78934659675954,3.33039514592716,3.29450309010444
428,2.72114409522694,1.85472021882432,3.28044503839985,2.46216716365184,2.80071170006176,3.14954071891459,3.72045417570617,2.78485013289422,2.41378576272223,2.34254078243025,1.18245376707373,2.46836315558969,2.41669682589724,1.87235658821856,1.89966022089758,3.13095825723177,6.35128005862412,1.11139794664962,1.52304229481981,2.80835305985248,3.34342880862224,3.30591301882856
429,2.7241554390147,1.86112385549836,3.28549380822037,2.47186312103422,2.80963762507152,3.16348602263546,3.72819296092797,2.79931237296304,2.41994987789702,2.35956768145488,1.18742792919567,2.47622068563676,2.42641107223515,1.87163500550964,1.91643023149967,3.13794402232737,6.38843506238501,1.11416082336139,1.52890042122992,2.82749954373021,3.3569252596521,3.31716710447416
430,2.72656263771541,1.86811377939154,3.29014580364467,2.48174283444264,2.81823199463855,3.17778693427802,3.73622475533616,2.8139162851905,2.42632726862789,2.37710146487711,1.19251854622986,2.48400141156727,2.4362291551401,1.87035882452838,1.93362874922734,3.14456122677652,6.42627444861093,1.11716675176359,1.53455701183406,2.84668243467163,3.37077454139531,3.32831028667921
431,2.72852912102503,1.87552077066985,3.29444520045224,2.4917721480248,2.8266678070488,3.19234628412708,3.74443596343384,2.82874451613986,2.43288961621049,2.39494122540562,1.19770801343435,2.49172730349487,2.44612992436641,1.86872398214266,1.95104294303314,3.15094555003323,6.46441573607908,1.12044127213381,1.54007904620672,2.86579811895566,3.38486669623042,3.33938750508166
432,2.73021831863952,1.88317560949928,3.29843617442257,2.50191690592841,2.83511806058826,3.20706690246747,3.75271298972413,2.84387971237437,2.43960860194048,2.41288605574907,1.20297872606723,2.4994203315332,2.4560922296684,1.86692641522038,1.96845998186964,3.15723267155156,6.50247644356664,1.12400992474966,1.54553350392239,2.88474298286119,3.39909176653601,3.35044369931948
433,2.73179366025487,1.89090907604582,3.30216290133514,2.51214295230118,2.84375575354289,3.22185161958402,3.76094223871011,2.8594045204573,2.44645590711351,2.43073504861613,1.20831307938658,2.5071024657959,2.4660949208004,1.86516206062944,1.98566703468938,3.16355827078553,6.54007408985081,1.12789824988874,1.55098736455556,2.90341341266715,3.41333979469062,3.36152380903063
434,2.73341857556703,1.89855195047546,3.30566955696944,2.5224161312908,2.85275388419866,3.23660326576154,3.76901011489491,2.8754015869519,2.45340321302523,2.44828729671546,1.21369346865048,2.51479567639661,2.47611684751674,1.86362685523773,2.00245127044494,3.17005802718917,6.57682619370877,1.13213178782865,1.55650760768072,2.92170579465243,3.42750082307284,3.37267277385308
435,2.73525649427196,1.90593501295418,3.30900031710494,2.53270228704497,2.86228545084154,3.25122467128487,3.77680302278162,2.89195355842144,2.4604222009713,2.46534189275573,1.21910228911699,2.52252193344896,2.48613685957173,1.86251673591315,2.01859985808886,3.17686762021653,6.61235027391772,1.13673607884698,1.56216121287236,2.93951651509595,3.4414648940612,3.38393553342478
436,2.73747084606565,1.91288904364798,3.31219935752113,2.54296726371142,2.8725234517575,3.26561866643883,3.78420736687334,2.90914308142918,2.46748455224737,2.4816979294456,1.2245219360442,2.53030320706661,2.49613380671972,1.86202763952359,2.03389996657369,3.18412272932164,6.64626384925485,1.14173666322135,1.56801515970497,2.95674196027661,3.45512205003429,3.39535702738369
437,2.74022506064404,1.91924482272284,3.3153108539975,2.55317690543783,2.88364088523252,3.27968808150824,3.79110955167319,2.92705280253838,2.4745619481491,2.49715449949375,1.22993480469019,2.53816146736318,2.50608653871502,1.86235550293695,2.048138764852,3.19195903395852,6.67818443849734,1.14715908122935,1.57413642775304,2.97327851647332,3.46836233337067,3.40698219536779
438,2.74368256770312,1.92483313034475,3.31837898231354,2.56329705637191,2.89581074955256,3.29333574677793,3.79739598168426,2.94576536831229,2.48162606997214,2.51151069560884,1.23532329031303,2.54611868445232,2.51597390531195,1.86369626302112,2.06110342187635,3.20051221358122,6.70772956042239,1.15302887314858,1.58059199659107,2.98902256996499,3.48107578644888,3.41885597701503
439,2.74733128626981,1.93002972481427,3.32057563756056,2.57375062957921,2.90887087014771,3.30698030076006,3.80314599401799,2.96550881962297,2.48872653403621,2.52553716404194,1.24036815051664,2.55406970280237,2.52570649636295,1.86542346804618,2.07270651880715,3.21016344214016,6.73588448725053,1.15971704792063,1.58722812851085,3.0039990126751,3.49391568710843,3.43086541397822
440,2.75060263746255,1.93530131612096,3.32125633998329,2.58489077141452,2.92249123694513,3.32104996523248,3.80856064839092,2.98635479522937,2.49594417245576,2.54004021519509,1.24487842565863,2.56189355312862,2.53523286701589,1.8668611248028,2.08314442595447,3.22104574284117,6.76383858179073,1.16746379399381,1.59385474397746,3.01834643477614,3.50751509809499,3.44287515611755
441,2.7535753041146,1.94061511196436,3.3207407030913,2.59657867595934,2.93659309497637,3.33546194537851,3.81370893321383,3.00815133852516,2.50329749021853,2.55487243800344,1.24902893512759,2.56958848491513,2.5445888149683,1.86813085793978,2.09262999599528,3.23292256902137,6.79151549870283,1.17609842090581,1.60048430982527,3.03213176992052,3.52173373914639,3.45489655538206
442,2.75632796905921,1.94593832004398,3.31934834039418,2.60867553729521,2.951097689273,3.35013344638149,3.8186598368975,3.03074649290399,2.51080499231225,2.56988642140214,1.25299449831212,2.57715274764598,2.55381013791771,1.86935429210591,2.10137608160659,3.24555737401787,6.81883889264666,1.18545023819431,1.60712929288867,3.04542195176065,3.53643133000047,3.46694096372078
443,2.75893931512962,1.95123814805934,3.31739886540149,2.62104254950366,2.96592626486657,3.36498167342475,3.82348234785269,3.05398830175953,2.51848518372467,2.58493475432633,1.2569499346008,2.58458459080523,2.56293263356165,1.87065305195,2.10959553546538,3.25871361116781,6.84573241828205,1.19534855539699,1.61380216000203,3.05828391394895,3.55146759039508,3.47901973308274
444,2.76148802515909,1.95648180370996,3.3152118916228,2.63354090666621,2.98100006678866,3.37992383169163,3.82824545449019,3.07772480848542,2.52635656944351,2.59987002571115,1.26107006338224,2.59188226387696,2.57199209959763,1.87214876212084,2.11750121024864,3.2721547338083,6.87211973026884,1.20562268205156,1.62051537799973,3.07078459013784,3.56670224006805,3.49114421541698
445,2.76405278198086,1.96163649469536,3.31310703256769,2.6460318028644,2.99624034007081,3.39487712636545,3.83301814522077,3.10180405647532,2.53443765445653,2.61454482449176,1.26552970404503,2.59904401634522,2.58102433372318,1.87396304726722,2.12530595863338,3.28564419527647,6.89792448326685,1.21610192769568,1.62728141371616,3.08299091397973,3.58199499875723,3.50332576267254
446,2.76671226842819,1.96666942871506,3.31140390174574,2.65837643217975,3.01156832974459,3.40975876262955,3.83786940845521,3.12607408912289,2.54274694375145,2.6288117396033,1.27050367597776,2.60606809769408,2.59006513363583,1.87621753203794,2.13322263329657,3.29894544890944,6.92307033193592,1.22661560186706,1.6341127339857,3.09496981912705,3.59720558620046,3.51557572679844
447,2.76954516733432,1.97154781346858,3.31042211266651,2.67043598869378,3.02690528084157,3.42448594566726,3.84286823260427,3.1503829498218,2.55130294231601,2.6425233599809,1.27616679856902,2.61295275740763,2.5991502970331,1.8790338410818,2.14146408691521,3.31182194804434,6.94748093093588,1.23699301410337,1.64102180564273,3.10678823923219,3.61219372213557,3.52790545974373
448,2.7726301615325,1.97623885665544,3.31048127883958,2.68207166648803,3.0421724383933,3.43897588066192,3.84808360607875,3.17457868196568,2.56012415513796,2.65553227455973,1.28269389120741,2.61969624496991,2.60831562161252,1.88253359904759,2.1502431721663,3.32403714601829,6.97107993492656,1.24706347394231,1.64802109552163,3.11851310794759,3.6268191263004,3.54032631345744
449,2.77604593385599,1.98070976597515,3.31190101377453,2.69314465964402,3.05729104743134,3.45314577279686,3.85358451728941,3.19850932894821,2.56922908720503,2.66769107227492,1.29025977328153,2.62629680986501,2.61759690507161,1.88683843058412,2.15977274172682,3.3353544961684,6.9937909985678,1.25665629092155,1.65512307045678,3.13021135892564,3.64094151843281,3.55284963988859
450,2.77987116713802,1.98492774912725,3.31500093098093,2.70351616224328,3.07218235298726,3.46691282725541,3.85943995464702,3.22202293416304,2.57863624350496,2.67885234206163,1.29903926417996,2.63275270157699,2.6270299451079,1.89206996034017,2.17026564827376,3.34553745183181,7.01553777651943,1.26560077457879,1.66234019728256,3.14194992581878,3.65442061827061,3.56548679098624
451,2.78407875543964,1.98897282039292,3.31923969553772,2.71333374938045,3.08756400227123,3.4808059309978,3.86519418086334,3.2458739184814,2.58918387877354,2.68870316996497,1.30950194896509,2.63945851842812,2.63693835179651,1.8988480402964,2.18124201979813,3.35494719321748,7.03567986146793,1.27468426914038,1.66985288308509,3.15370862321086,3.66734195562018,3.57845897337778
452,2.78855997564718,1.99294729516564,3.32384258569969,2.72285515601339,3.10406150669464,3.49529902157617,3.8704254521228,3.27077998943641,2.60146174082752,2.69717130464123,1.32177654249463,2.64672021412214,2.64752919327218,1.90748017714029,2.19209327691851,3.36410297315433,7.05380714548645,1.28468845434335,1.67777923774953,3.16539897154666,3.6799047081527,3.59191321869856
453,2.79327108483188,1.9968518328134,3.3287791347402,2.73210681601847,3.12145790759093,3.51022688006169,3.87525374704519,3.29653412041457,2.61511557427611,2.70447032894223,1.33552655885014,2.65440307121525,2.65866345432182,1.91761947758087,2.20283921125327,3.37300535390937,7.07018873231483,1.29543414299148,1.68603828230882,3.17698546326996,3.69213906740326,3.60574961640955
454,2.79816834006498,2.00068709270419,3.33401887593259,2.74111516327205,3.13953624629351,3.52542428752551,3.87979904425029,3.32292928480235,2.6297911237285,2.7108138257198,1.35041551211323,2.66237237226368,2.67020211973236,1.92891904832718,2.21349961442077,3.38165489774963,7.08509372569291,1.30674214788852,1.69454903779589,3.18843259082458,3.70407522490695,3.61986825597168
455,2.8032079984177,2.00445373420599,3.3395313425502,2.7499066316505,3.1580795641358,3.54072602503881,3.88418132235791,3.34975845598626,2.6451341337939,2.71641537782578,1.36610691636547,2.67049339982366,2.68200617429073,1.94103199608826,2.22409427803939,3.39005216694212,7.09879122936053,1.31843328183823,1.70323052524371,3.19970484665428,3.71574337219885,3.63416922684592
456,2.80834631696127,2.00815241668677,3.3452860678664,2.7585076550302,3.17687090245123,3.55596687367276,3.88852055998783,3.37681460735278,2.66079034908151,2.721488568112,1.38226428568844,2.6786314364514,2.69393660278385,1.95361142757316,2.2346429937275,3.39819772375386,7.11155034705752,1.33032835764437,1.7120017656852,3.21076672320289,3.72717370081406,3.64855261849321
457,2.81353955276694,2.01178379951453,3.35125258515452,2.7669446672875,3.19569330257321,3.57098161449851,3.89293673575985,3.4038907122884,2.67640551420053,2.72624697943029,1.39855113416372,2.68665176470313,2.70585438999864,1.9663104494909,2.24516555310347,3.40609213045189,7.12364018252373,1.34224818811069,1.72078178015331,3.22158271291417,3.73839640228767,3.66291852037451
458,2.81874396290592,2.01534854205725,3.35740042768792,2.77524410229878,3.21432980583517,3.58560502858724,3.89754982829376,3.43077974417961,2.69162537376016,2.73090419463249,1.41463097587291,2.69441966713508,2.71762052072204,1.97878216855054,2.25568174778567,3.41373594930321,7.135329839499,1.35401358604096,1.72948958968098,3.23211730823194,3.74944166815476,3.67716702195077
459,2.82391580444945,2.0188473036829,3.36369912873995,2.78343239394041,3.23256345357053,3.59967189701011,3.90247981620936,3.4572746764129,2.7060956723696,2.73567379657042,1.43016732489759,2.70180042630346,2.72909597974097,1.9906796914611,2.26621136939248,3.42112974257485,7.14688842172315,1.36544536423894,1.73804421530115,3.24233500159998,3.76033968995042,3.69119821268293
460,2.82901133446877,2.02228074375948,3.37011822158395,2.79153597608874,3.25017728711271,3.61301700083829,3.90784667812643,3.48316848237475,2.71946215463805,2.74076936809593,1.44482369531932,2.7086593247645,2.74014175184234,2.00165612493163,2.27677420954225,3.42827407253383,7.15858503293604,1.37636433550837,1.74636467804678,3.25220028546209,3.77112065920975,3.70491218203196
461,2.8339868100351,2.02564952165496,3.37662723949327,2.79958128262016,3.26695434779513,3.62547512114295,3.91377039266477,3.50825413545167,2.73137056517471,2.74640449206084,1.45826360121971,2.71486164507441,2.7506188218131,2.01136457567117,2.28739005985337,3.43516950144718,7.17068877687751,1.38659131265302,1.75436999895079,3.26167765226206,3.78181476746782,3.7182090194588
462,2.83879848821968,2.02895429673732,3.38319571574126,2.80759474741102,3.28267767695121,3.63688103899525,3.92037093844418,3.53232460903013,2.74146664858878,2.75279275131698,1.47015055668033,2.72027266978943,2.76038817444016,2.01945815038875,2.2980787119442,3.44181659158191,7.18346875728738,1.39594710847665,1.76197919904613,3.27073159444368,3.79245220625974,3.7309888144244
463,2.84340262609374,2.03219572837456,3.38979318360128,2.81560280433771,3.29713031591437,3.64706953546635,3.92776829408444,3.55517287649663,2.74939614948946,2.7601477287162,1.48014807578277,2.72475768146578,2.76931079451044,2.02558995579342,2.30885995743311,3.44821590520505,7.1971940779055,1.40425253578301,1.76911129936575,3.27932660445076,3.80306316712059,3.74315165638972
464,2.8478603598348,2.0351747753918,3.39704289309787,2.82373519478255,3.31051331893237,3.65600723580757,3.93610497678802,3.5777384351655,2.75566214487153,2.76777940609473,1.48918231792693,2.72818607808472,2.77743734724974,2.03092380065923,2.31993561875963,3.45400087498308,7.21068827537052,1.41144339866547,1.77586158867673,3.28714195188904,3.81343737922818,3.75475636368788
465,2.85227435941057,2.03774354036909,3.4054454105545,2.83206476245493,3.32323804636026,3.66388199369479,3.94533700092556,3.6009722697922,2.76107237741861,2.77493212336458,1.49834812529501,2.73062545166741,2.78497759416946,2.03674296064972,2.33144242757843,3.45891663693416,7.2227868804874,1.41768543835989,1.78240225089925,3.29398565568069,3.82340325207523,3.76597751051068
466,2.85666318257757,2.03997939830683,3.41478624369291,2.84053259472173,3.33540299869238,3.6708604328361,3.95530459086912,3.62468458492486,2.76572959027314,2.78172100049126,1.50756203614207,2.73223837582986,2.79203116448493,2.04287974280814,2.34330253933057,3.46313130835276,7.23377698824546,1.42314437338381,1.78876764979593,3.30001533224407,3.83304899766915,3.77688882010708
467,2.86104538709231,2.04195972420539,3.42485090023482,2.84907977894983,3.34710667642309,3.67710917693956,3.96584797099074,3.64868558511162,2.7697365265776,2.78826115744023,1.51674058872314,2.73318742418811,2.79869768741152,2.04916645417773,2.35543810945712,3.46681300653337,7.24394569363402,1.42798592225474,1.79499214912938,3.30538859799757,3.84246282801736,3.78756401572605
468,2.8654395307113,2.04376189306516,3.43542488790197,2.85764740250612,3.35844758004674,3.68279484971326,3.97680736566247,3.67278547490062,2.77319592947444,2.794667714177,1.52580032129327,2.73363517035819,2.80507679216455,2.05543540180175,2.36777129339915,3.47012984877047,7.25358009164239,1.43237580349022,1.8011101126622,3.31026306935955,3.85173295512728,3.79807682061656
469,2.86986417119107,2.04546327988651,3.44629371441607,2.8661765527575,3.3695242100577,3.68808407486528,3.98802299925638,3.69679445884002,2.77621054210613,2.80105579066705,1.53465777210751,2.73374418795612,2.81126810795938,2.06151889272343,2.38022424659772,3.47324995235854,7.26296727725988,1.43647973560777,1.807155904157,3.31479636274839,3.86094759100634,3.80850095802757
470,2.87433786628812,2.04714125966983,3.45724288749886,2.87460831707083,3.3804350669503,3.69314347610367,3.99933509614451,3.72052274147793,2.77888310761512,2.80754050687587,1.54322947942089,2.73367705059795,2.81737126401134,2.06724923398602,2.39271912449391,3.47634143459207,7.27239434547582,1.44046343712491,1.8131638873764,3.31914609458248,3.87019494766194,3.81891015120805
471,2.87887917375897,2.0488732074155,3.46805791487206,2.88288378281301,3.3912786512189,3.69813967713652,4.0105838806989,3.74378052736252,2.78131636914386,2.81423698276894,1.55143198148845,2.73359633189969,2.8234858895358,2.07245873263278,2.40517808252879,3.47957241276554,7.28214839127951,1.44449262655917,1.81916842608299,3.32346988128017,3.87956323710151,3.82937812340696
472,2.88350665136014,2.0507364981239,3.47852430425741,2.89094403735093,3.40215346335786,3.70323930167191,4.02160957729163,3.76637802104192,2.78361306983483,2.82126033831176,1.55918181656525,2.73366460547737,2.82971161374808,2.07697969570696,2.41752327614341,3.48311100417344,7.29251650966027,1.44873302242809,1.8252038840394,3.32792533925986,3.88914067133248,3.83997859787327
473,2.88823885684813,2.05280850679542,3.48842756337663,2.89873016805148,3.41315800386153,3.70860897341791,4.03225241029473,3.78812542706426,2.78587595283048,2.82872569346981,1.56639552290632,2.73404444494703,2.83614806586354,2.08064443025178,2.42967686077886,3.48712532611025,7.30378579560742,1.45335034324917,1.83130462500822,3.33267008493991,3.89901546236224,3.85078529785595
474,2.89309434797947,2.05516660843043,3.49755319995144,2.90618326228153,3.42439077322426,3.71441531608259,4.04235260408026,3.8088329499777,2.78820776127327,2.83674816820858,1.5729896387667,2.73489842392469,2.84289487509751,2.08328524331052,2.4415609918762,3.49178349587045,7.31624334411026,1.45851030753996,1.83750501275207,3.3378617347387,3.90927582219824,3.86187194660397
475,2.89809168251067,2.05788817802932,3.50568672170359,2.91324440740798,3.4359502719404,3.72082495337403,4.05175038302027,3.82831079433038,2.79071123830566,2.84544288249356,1.57888070240145,2.73638911602639,2.85005167066535,2.08473444192641,2.45309782487649,3.49725363074853,7.33017625015813,1.46437863381797,1.84383941103355,3.34365790507461,3.92000996284788,3.87331226736628
476,2.90285766910093,2.06060014803905,3.51319720010217,2.9194389821978,3.44656632680575,3.72672843205946,4.06100110858862,3.84553048494218,2.79231002157766,2.85461059345283,1.58367716317901,2.73695325627786,2.85672014389009,2.08433999396577,2.46377907759847,3.50265170811526,7.34314253121499,1.47025941503066,1.84970820210968,3.34920410001046,3.93034627062715,3.88404574807722
477,2.90708594604232,2.06293717510117,3.5205972137105,2.92447145618814,3.45517543209828,3.73110456571282,4.07070795827181,3.85993141107287,2.79207917866474,2.86397167183137,1.58718110940398,2.73524078534969,2.86210918071347,2.08179811474084,2.47330960396579,3.50712258935941,7.35299884622386,1.47544641237348,1.85462301533665,3.35368771502515,3.93952807561995,3.89318993227238
478,2.91089531554063,2.0649882205079,3.52788753089156,2.92855155290117,3.46218608953559,3.73425237825223,4.0807828804609,3.87202557393033,2.79034859759752,2.87352065802,1.58959953773566,2.73173408532518,2.86647920227884,2.07746348246372,2.48193126357692,3.51087771780242,7.36048025239262,1.48008984673594,1.85878508512587,3.35732920366115,3.9478160054856,3.90108562660264
479,2.91440457980165,2.06684224555146,3.53506892000834,2.93188899585904,3.46800680083532,3.7364708935958,4.09113782354695,3.88232497472247,2.78744816640665,2.88325209240955,1.59113944483333,2.72691553828764,2.87009062972959,2.07169077534651,2.48988591603032,3.51412853676574,7.36632180692913,1.48433993900756,1.86239564588876,3.36034901946092,3.95547068788343,3.9080736377189
480,2.91773254103117,2.06858821152409,3.54214214942384,2.93469350858391,3.47304606771507,3.73805913566167,4.10168473592101,3.89134161465719,2.78370777312277,2.89316051539084,1.59200782735627,2.72126752632036,2.87320388420908,2.06483467160133,2.49741542092444,3.51708648957081,7.37125856704128,1.48834691007787,1.86565593203674,3.36296761596694,3.96275275047275,3.91449477227203
481,2.92099800143498,2.07031507971801,3.54910798750104,2.93717481459794,3.47771239189246,3.73931612836795,4.11233556597414,3.89958749494238,2.77945730577651,2.9032404673547,1.59241168196376,2.71527243150667,2.8760793868607,2.05724984944027,2.50476163785775,3.51996301953909,7.37602558993694,1.49226098083638,1.86876717798121,3.36540544672167,3.96992282091288,3.92068983691292
482,2.92431976321887,2.07211181142544,3.55596720260293,2.93954263742329,3.4824142750851,3.74054089563276,4.12300226209739,3.90757461678596,2.77502665239852,2.91348648869196,1.59255800531508,2.70941263592985,2.87897755882781,2.04929098707544,2.5121664264287,3.52296956999202,7.38135793282397,1.49623237217261,1.87193061813359,3.36788296526757,3.97724152686315,3.92699963829247
483,2.92781662858864,2.07406736793861,3.56272056309251,2.94200670058211,3.48756021901062,3.74203246137423,4.13359677268182,3.91581498139581,2.77074570101943,2.92389311979344,1.59265379406952,2.70417052167322,2.88215882125378,2.04131276271895,2.51987164623576,3.52631758425104,7.38799065291026,1.50041130497607,1.87534748690529,3.37062062514713,3.98496949598286,3.93376498306154
484,2.93160739975007,2.07627071054975,3.56936883733277,2.94477672759656,3.49355872538662,3.74408984951047,4.14403104611848,3.92482058997984,2.76694433966988,2.93445490104998,1.59290604488637,2.70002847082007,2.88588359528199,2.0336698545829,2.52811915687738,3.5302185056376,7.39665880740367,1.50494800013629,1.87921901870772,3.37383887990279,3.99336735593134,3.94132667787103
485,2.93581087890896,2.07881080055109,3.57591279368669,2.94806244198881,3.50081829593073,3.74701208395961,4.15421703079843,3.93510344374595,2.7639524563805,2.94516637285239,1.5935217544249,2.69746886545371,2.89041230205581,2.0267169408794,2.53715081795204,3.53488377747316,7.40809745351208,1.50999267854279,1.8837464479523,3.37775818307704,4.00269573436791,3.95002552937183
486,2.94054586827111,2.08177659923484,3.58235320051727,2.952073567281,3.50974743236056,3.75109818863977,4.16406667511271,3.94717554390204,2.76209993918195,2.9560220755915,1.5947079193444,2.69697408765745,2.89600536271861,2.02080869982055,2.54720848905818,3.54052484307914,7.42304164844337,1.51569556108508,1.88913100905044,3.38259898821234,4.01321525895188,3.96020234421481
487,2.94593117004229,2.08525706789325,3.58869082618751,2.95701982699531,3.52075463639372,3.75664718746907,4.1734919274524,3.96154889165601,2.76171667610485,2.96701654965814,1.59667153630415,2.69902651951459,2.90292319841376,2.01629980961846,2.55853402979426,3.54735314577702,7.4422264494054,1.52220686865269,1.89557393641355,3.38858174885116,4.02518655734258,3.97219792905086
488,2.9520855864283,2.08934116781852,3.59492643906038,2.96311094465388,3.53424840974784,3.76395810436563,4.18240473620854,3.97873548821576,2.76313255517984,2.97814433544313,1.59961960196344,2.70410854310844,2.91142623028465,2.01354494848524,2.57136929975875,3.55558012888821,7.46638691360606,1.52967682213512,1.90327646445305,3.39592691853597,4.03887025719933,3.98635309053087
489,2.95873844729173,2.09425529707416,3.6005996530907,2.96974930799662,3.54926709533524,3.77185690592643,4.19018308145177,3.99694444690296,2.76531896307045,2.98963513994265,1.60214537737369,2.71153525929579,2.92085605255316,2.01102988524221,2.58453251640731,3.5649598597955,7.49273585221412,1.53771440677979,1.91157507015758,3.4035042224296,4.05328065825736,4.0018543684316
490,2.96555529560319,2.10005939750503,3.60537262020635,2.97625697609144,3.56462366723781,3.77912884443305,4.19646866275253,4.01425657158833,2.76712153462101,3.00166597871936,1.60295482410597,2.72022486705892,2.93042509170358,2.00721604943478,2.59686786642392,3.57506365279981,7.51835321460595,1.5458541926339,1.91974222179052,3.41022313948022,4.06739051927898,4.01770238344238
491,2.97255925323052,2.10659274607545,3.6094299157299,2.98272317945255,3.58038857392755,3.78601187233045,4.20156900775151,4.03099139930341,2.7686815301334,3.01415235501381,1.60242398959899,2.73006439566933,2.9402000172728,2.00242161036113,2.60865616324951,3.58582882159986,7.54377476530077,1.55413477778666,1.92788314067534,3.41636375390822,4.08139815646411,4.03395906358295
492,2.97977344204159,2.11369461974972,3.61295611498393,2.98923714859411,3.59663226387642,3.79274394206363,4.20579164408942,4.04746846707972,2.7701402099095,3.02700977206656,1.60092892129147,2.74094087439853,2.95024749879773,1.99696473731945,2.62017822032502,3.5971926798944,7.5695362688178,1.5625947603273,1.93610304813553,3.42220614993403,4.09550188601268,4.05068633687304
493,2.98722098390422,2.12120429549216,3.61613579329103,2.99588811403031,3.61342518555643,3.79956300607755,4.20944409940698,4.06400731194877,2.77163883425118,3.04015373311818,1.59884566662212,2.75274133251801,2.96063420581529,1.99116359960794,2.63171485109139,3.60909254138214,7.59617348967627,1.57127273834505,1.94450716549456,3.42803041177806,4.10990002412459,4.06794613133237
494,2.99492500068628,2.12896105026708,3.61915352597379,3.00276530627534,3.63083778743954,3.80670701681721,4.2128339013449,4.08092747094209,2.77331866346032,3.05349974140922,1.59655027302966,2.76535279929929,2.97142680786239,1.98533636652477,2.64354686898955,3.62146571976181,7.6242221923954,1.58020730992911,1.95320071407594,3.43411662366073,4.12479088699976,4.0858003749807
495,3.0029086142556,2.13680416103878,3.62219388835478,3.00995795584338,3.64894051799775,3.81441392672758,4.21626857754388,4.09854848109119,2.77532095783879,3.06696330018025,1.5944187879528,2.77866230401386,2.98269197447593,1.97980120736814,2.65595508746044,3.63424952873213,7.65421814149441,1.5894370731687,1.96228891520313,3.44074486980244,4.14037279083812,4.10431099583776
496,3.01119494648003,2.14457290477159,3.62544145575658,3.01755529324861,3.66780382570303,3.82292168825365,4.22005565564463,4.11718987942761,2.77778697768847,3.08045991267182,1.59282725883026,2.79255687593323,2.99449637519283,1.97487629143625,2.669220319945,3.64738128199184,7.68669710149252,1.59900062615306,1.97187699019961,3.44819523442362,4.15684405183957,4.12353992192327
497,3.01980711922742,2.1521065584298,3.62908080350179,3.02564654900523,3.68749815902737,3.83246825384039,4.22450266328787,4.13717120298285,2.78085798331122,3.09390508212449,1.59215173310076,2.8069235443289,3.00690667954999,1.97087978802727,2.68362337988416,3.66079829323966,7.72219483690897,1.60893656697139,1.98207016038889,3.45674780174468,4.17440298620404,4.14354908125697
498,3.02876825436562,2.15924439897773,3.63329650691298,3.03432095362741,3.70809396644275,3.8432915759328,4.22991712811431,4.15881198878844,2.78467523500894,3.10721431177884,1.59276825820302,2.82164933847238,3.01998955708433,1.9681298664394,2.69944508071887,3.67443787617431,7.76124711226297,1.61928349371292,1.99297364709442,3.46668265598604,4.19324791013145,4.16440040185861
499,3.03810147376248,2.16582570337968,3.63827314131274,3.04366773762933,3.72966169642115,3.85562960697583,4.23660657776465,4.1824317738759,2.78937999308349,3.1203031048754,1.59505288157574,2.83662128763516,3.03381167733276,1.96694469597084,2.71696623589005,3.68823734449453,7.80438969207375,1.63008000446687,2.00469267163971,3.4782798813681,4.21357713982171,4.18615581174791
500,3.04782989928583,2.17168974859998,3.64419528202365,3.05377613152519,3.75227179743456,3.86972029941449,4.2448785398796,4.20835009527675,2.79511351783675,3.13308696465476,1.59938165065765,2.85172642108875,3.04843970983218,1.96764244591976,2.73646765883864,3.70213401189903,7.85215834086052,1.64136469732245,2.01733245534822,3.49181956211129,4.23558899147473,4.2088772389446
501,3.05818699067818,2.17727657852885,3.65070423145877,3.06490349574792,3.77669766825887,3.88584652633219,4.25385725396372,4.23722617173107,2.80251684375114,3.14565526770015,1.60609501262864,2.86830397250926,3.06448500693658,1.97051824581888,2.75818821330997,3.7167190974179,7.90580127636087,1.65346849050386,2.03129287155189,3.5072992799401,4.25968051082341,4.23318855958632
502,3.06931828197108,2.18309159037326,3.65732835965283,3.07713324925499,3.80343637376753,3.90395711132714,4.26254705862705,4.26919188845187,2.81192170596115,3.1581686989877,1.61504651532305,2.88748797722543,3.08232451569297,1.97544611834267,2.78199422703418,3.73250165747545,7.96565050334336,1.66659501667804,2.04675481702099,3.52440716776004,4.28592261940586,4.25948717251042
503,3.08111500646591,2.18907209107257,3.66408284336093,3.09029371034744,3.83214386157888,3.92378893261652,4.27107563016851,4.30377578218009,2.82300541574667,3.17064972434721,1.62588185716122,2.90885766698769,3.10167329767783,1.9821125725019,2.80760770942942,3.74929576186176,8.0308674668737,1.6805919455984,2.0634950482365,3.5429591365631,4.31402444712989,4.28749528978626
504,3.09346839746408,2.19515538756619,3.67098285933817,3.10421319732628,3.86247607931124,3.94507886841753,4.27957064488702,4.34050638965664,2.83544528438765,3.18312080960854,1.63824673656352,2.93199227354647,3.12224641446762,1.99020411730737,2.83475066991383,3.76691548036691,8.10061361201763,1.69530694701832,2.08129032167942,3.56277109734124,4.34369512390331,4.31693512348318
505,3.106269688267,2.20127878679348,3.67804358433965,3.11872002849255,3.89408897458296,3.96756379694732,4.28815977908149,4.37891224762245,2.84891862316401,3.19560442060151,1.65178685195029,2.95647102865221,3.14375892763879,1.99940726176986,2.86314511790558,3.785174882781,8.17405038384087,1.71058769069118,2.09991739383075,3.58365896108644,4.37464377963393,4.34752888567054
506,3.11941011217606,2.20737959569384,3.68528019512047,3.13364252214724,3.92663849501234,3.99098059642309,4.29697070905086,4.41852189281844,2.86310274335566,3.20812302315594,1.66614790174189,2.98187316405535,3.16592589876781,2.00940851490016,2.8925130628228,3.80388803889411,8.25033922740914,1.72628184637038,2.11915302117148,3.60543863879068,4.40657954422953,4.37899878841768
507,3.13278090249266,2.21339512120665,3.69270786843573,3.1488089965914,3.95978058821774,4.01506614506201,4.30613111109404,4.45886386198554,2.87767495624253,3.22069908310167,1.68097558435868,3.00777791150633,3.18846238943114,2.01989438570907,2.92257651408367,3.82286901849632,8.32864158778816,1.7422370838093,2.13877396018261,3.62792604144592,4.43921154759794,4.41106704379395
508,3.14627329251821,2.21926267027129,3.70034178104053,3.16404777012604,3.99317120181747,4.03955732108126,4.31576866150996,4.49946669186467,2.89231257310455,3.23335506626853,1.69591559822101,3.03376450275558,3.21108346120526,2.03055138320736,2.95305748110631,3.84193189137772,8.40811891004366,1.75830107276134,2.15855696734512,3.65093708004414,4.47224891964695,4.44345586386871
509,3.15977851555411,2.22491954982715,3.70819710968996,3.17918716105218,4.02646628342986,4.06419100269802,4.32601103659754,4.53985891919676,2.90669290522163,3.24611343848636,1.71061364174923,3.05941216955353,3.23350417566661,2.04106601640582,2.9836779733089,3.86089072732839,8.48793263924136,1.77432148297988,2.17827879914003,3.67428766557732,4.50540079028437,4.47588746071131
510,3.17318780490175,2.2303030668136,3.71628903113912,3.19405548767084,4.05932178067325,4.08870406812947,4.33698591265569,4.57956908072273,2.92049326387371,3.25899666558497,1.72471541336371,3.08430014365063,3.25543959439166,2.05112479431525,3.01416000010957,3.87955959613841,8.56724422044699,1.7901459842183,2.19771621204831,3.69779370903742,4.538376289418,4.50808404639108
511,3.18639239386254,2.23535052817004,3.72463272214312,3.20848106828305,4.09139364116597,4.11283339559279,4.34882096598334,4.61812571318352,2.9333909603407,3.27202721339421,1.73786661148478,3.1080076567973,3.27660477895688,2.06041422594643,3.04422557092649,3.89775256759788,8.64521509872628,1.80562224623,2.21664596255096,3.72127112141641,4.57088454695564,4.5397678329774
512,3.19928351573787,2.23999924083585,3.73324335945705,3.22229222118982,4.12233781252634,4.13631586330516,4.36164387287941,4.65505735332003,2.94506330590254,3.2852275477439,1.74971293453281,3.13011394074399,3.29671479093874,2.06862082031016,3.0735966951778,3.91528371149688,8.72100671914492,1.82059793876837,2.23484480712898,3.74453581370628,4.60263469280511,4.57066103253959
513,3.21175240382916,2.24418651175041,3.74213611983601,3.23531726469219,4.1518102423727,4.15888834948375,4.37558230964283,4.6898925378732,2.95518761183913,3.29862013446387,1.75990008092816,3.15019822724113,3.31548469191368,2.07543108641721,3.10199538228165,3.93196709762549,8.79378052676867,1.83492073158679,2.25208950226337,3.76740369689899,4.6333358568742,4.60048585714702
514,3.22430934596978,2.24782850457948,3.75145383137462,3.24841495236342,4.18147991473459,4.18157461325275,4.39096175545905,4.72513320684949,2.96432589188932,3.31243371010728,1.76913297136395,3.16934515704535,3.33387424766569,2.0817859857412,3.13089910358362,3.94835232195587,8.86854057709205,1.84890171764425,2.2695848212352,3.79132037257873,4.66442648413788,4.63043225634327
515,3.23745586208707,2.25094647881492,3.76128074912202,3.26242605564895,4.21297657056412,4.20543349055177,4.40787076359027,4.76317538609357,2.97327384291148,3.32680460431225,1.77834487017158,3.18884561239566,3.35293022430952,2.0887452075234,3.16171963558227,3.965066095199,8.94994338307018,1.86295309833382,2.28847705540325,3.81755148295268,4.69730930998401,4.66170279595162
516,3.25107003362337,2.25363538513523,3.7715441902651,3.27715191965796,4.24589729286346,4.23025447482116,4.42608162145054,4.80338874110368,2.98205930086484,3.34161667253606,1.78752399122879,3.20858818726604,3.37249818391777,2.09617335242611,3.19408044542523,3.98203815925319,9.03662907595968,1.87707420606006,2.30845523836507,3.84564299994737,4.7316398999397,4.69403861246094
517,3.26502994202105,2.25599017421892,3.78217147199074,3.29239388949968,4.27983916463477,4.25582705950122,4.44536661645392,4.84514293737807,2.99071010170863,3.35675377023596,1.79665854841332,3.22846147563051,3.39242368856305,2.10393502111159,3.22760500026014,3.99919825601677,9.12723778701716,1.89126437322752,2.32920840371822,3.87514089548931,4.76707381953209,4.72718084236009
518,3.27921366872244,2.25810579674451,3.79308991148582,3.3079533102833,4.31439926888021,4.2819407380323,4.46549803601446,4.88780764041499,2.9992540814021,3.37209975286923,1.80573675560291,3.24835407146306,3.41255230031799,2.11189481424215,3.26191676723462,4.01647612738803,9.22040964749924,1.90552293224074,2.35042558506024,3.90559114150499,4.8032666342883,4.76087062213794
519,3.29349929516989,2.26007720339049,3.80422682593723,3.32363152711803,4.34917468860195,4.30838500385473,4.4862481675462,4.93075251571268,3.00771907590448,3.38753847589315,1.81474682667531,3.26815456873769,3.43272958125519,2.11991733248005,3.29663921349631,4.03380151526531,9.31478478866253,1.91984921550426,2.37179581598869,3.93653970992094,4.83987390973545,4.79484908828337
520,3.30776490280575,2.26199934483538,3.81550953253184,3.33922988511308,4.38376250680215,4.33494935040884,4.5073892984632,4.9733472287694,3.016132921175,3.40295379476498,1.82367697550824,3.28775156142839,3.45280109344726,2.1278671764876,3.33139580619284,4.0511041615469,9.40900334176364,1.93424255542265,2.39300813010111,3.96753257266367,4.87655121140066,4.82885737728524
521,3.32188857307236,2.26396717175769,3.82686534845653,3.35454972937764,4.41775980648297,4.36142327113495,4.5286937161795,5.01496144508339,3.02452345317289,3.41822956494198,1.83251541597945,3.30703364350917,3.47261239896682,2.13560894692706,3.36581001247184,4.06831380813114,9.50170543805918,1.94870228440043,2.41375156099506,3.99811570165968,4.91295410481107,4.86263662563243
522,3.33574838741207,2.26607563483592,3.8382215908982,3.36939240502094,4.45076367064659,4.3875962594734,4.54993370810917,5.05496483015289,3.03291850785741,3.43324964188144,1.84125036196669,3.32588940895403,3.49200905988647,2.14300724446073,3.39950529948095,4.08536019691633,9.59153120880578,1.96322773484216,2.43371514226808,4.02783506883548,4.94873815549379,4.89592796981379
523,3.34922242726723,2.26841968474859,3.84950557704372,3.38355925715217,4.48237118229516,4.41325780886452,4.57088156166624,5.09272704947616,3.04134592118777,3.44789788104062,1.84987002734769,3.34420745173696,3.51083663827884,2.14992666975088,3.4321051343678,4.10217306980078,9.67712078526004,1.97781823915239,2.45258790751772,4.05623664611759,4.98355892897595,4.92847254631821
524,3.36218877408018,2.27109427217419,3.86064462407997,3.39685163088054,4.51217942443085,4.43819741274863,4.59130956426478,5.12761776855143,3.04983352912322,3.46205813787678,1.85836262600018,3.36187636583195,3.52894069621652,2.15623182345981,3.46323298428002,4.11868216868282,9.75711429867858,1.99247312973566,2.47005889034155,4.08286640543252,5.01707199078468,4.96001149163455
525,3.37452550929327,2.27419434779125,3.87156604919383,3.40907087131526,4.53978548005581,4.46220456456608,4.61099000331882,5.15900665287696,3.05840916762298,3.47561426784721,1.86671637180192,3.37878474521302,3.54616679577214,2.1617873062498,3.49251231636525,4.13481723546075,9.83015188031801,2.00719173899652,2.48581712433709,4.10727031870677,5.0489329064471,4.99028594225168
526,3.38651052789613,2.27734234988197,3.88251830703742,3.42040999927945,4.56581812625508,4.48586421669723,4.63065213365517,5.18792432450509,3.06677834709061,3.48866719536103,1.87480645824093,3.39470147025006,3.56257902020474,2.16648006836466,3.52064256407232,4.1506305643363,9.89901351244024,2.02200859685725,2.50022344573549,4.1305591674029,5.07984039924499,5.01981227038785
527,3.39849016716919,2.28014062282987,3.89376399409457,3.43122691859144,4.59119489633971,4.50984616606315,4.6510891052787,5.21584233858971,3.07468055013428,3.50142662192343,1.88254776279503,3.40957137706975,3.57839474086767,2.17037421109889,3.54856258764737,4.16623402569751,9.96729206266709,2.03694425125101,2.51389668075814,4.15408067615055,5.11069560956841,5.04925773021318
528,3.41044517199103,2.28265397646551,3.90525164029982,3.44157029885318,4.61594600765096,4.53406717291514,4.67216904837058,5.24279176028139,3.08219457102021,3.51393956863575,1.88998802532667,3.42354699328126,3.593689451975,2.17360006169081,3.57625499443403,4.18164672572221,10.0348469902951,2.05197706159867,2.52691284798801,4.17773623162684,5.14145772860687,5.07858978114439
529,3.42235628724022,2.2849472206194,3.9169297755877,3.45148880966662,4.6401016775301,4.55844399750452,4.69376009311198,5.2688036547307,3.08939920401461,3.52625305659935,1.89717498569829,3.43678084649376,3.60853864774077,2.17628794737872,3.60370239177587,4.19688777058822,10.1015377546206,2.06708538732111,2.53934796600807,4.20142722050891,5.1720859475499,5.10777588259821
530,3.43420425779535,2.28708516512209,3.92874692989271,3.46103112063373,4.66369212331837,4.58289340008261,4.71573036968404,5.29390908708821,3.0963732433837,3.53841410691558,1.90415638377233,3.44942546431642,3.62301782237907,2.17856819540092,3.63088738701651,4.21197626647338,10.1672238149403,2.08224758783921,2.55127805340129,4.2250550294739,5.20253945758701,5.13678349399135
531,3.44596982853499,2.2891326198041,3.9406516331494,3.47024590135645,4.68674756235704,4.60733214090072,4.73794800826794,5.3181391225045,3.1031954833937,3.55046974068578,1.91097995941124,3.46163337435842,3.63720247010394,2.18057113299573,3.65779258749954,4.22693131955551,10.2317646305505,2.09744202257384,2.56277912875063,4.24852104519893,5.23277744990771,5.16558007474053
532,3.45763374433772,2.29115439449597,3.95259241529228,3.47918182143676,4.70929821198737,4.63167698021017,4.76028113904485,5.34152482613015,3.1099447183108,3.56246697901131,1.91769345247746,3.47355710422892,3.65116808512944,2.18242708740146,3.68440060056856,4.24177203601244,10.2950196607478,2.11264705094587,2.57392721063907,4.27172665436114,5.26275911570154,5.19413308426246
533,3.4691767500821,2.29321529902823,3.96451780625587,3.4878875504766,4.7313742895506,4.65584467826227,4.78259789219592,5.36409726311571,3.11669974240124,3.57445284299353,1.92434460283344,3.48534918153709,3.66499016166965,2.1842663858564,3.71069403356718,4.25651752202199,10.3568483648287,2.12784103237619,2.58479831764958,4.29457324363766,5.292443646158,5.22240998197386
534,3.48057959064673,2.2953801432314,3.9763763359747,3.49641175807793,4.753006012388,4.67975199530834,4.80476639790232,5.38588749861178,3.12353934993123,3.58647435373377,1.93098115034161,3.4971621338921,3.67874419393862,2.18621935559888,3.73665549383899,4.27118688376199,10.4171102020896,2.14300232628566,2.59546846836512,4.31696219970563,5.32179023246661,5.25037822729144
535,3.49182301091017,2.29771373693603,3.9881165343833,3.50480311384272,4.77422359784082,4.7033156915997,4.82665478634521,5.40692659776891,3.13054233516697,3.5985785323334,1.93765083486442,3.50914848890312,3.69250567615041,2.1884163238672,3.7622675887276,4.28579922741026,10.475664631827,2.15810929209515,2.60601368136867,4.33879490924217,5.3507580658169,5.27800527963193
536,3.502887755751,2.30028088997263,3.99968693141618,3.51311028737292,4.79505726325033,4.72645252738766,4.84813118770576,5.42724562573768,3.13778749237469,3.61081239989376,1.94440139626431,3.52146077417933,3.70635010251908,2.19098761789967,3.7875129255766,4.30037365914463,10.5323711133374,2.17314028922556,2.61650997524319,4.35997275892442,5.37930633739838,5.30525859841205
537,3.5137545700478,2.30314641217175,4.01103605700787,3.52138194827048,4.81553722595777,4.74907926292353,4.86906373216513,5.44687564766867,3.1453536158206,3.6232229775162,1.95128057440373,3.53425151732989,3.7203529672587,2.1940635649346,3.8123741117296,4.31492928514293,10.5870891059174,2.18807367709774,2.62703336857165,4.38039713542952,5.40739423840057,5.33210564304849
538,3.52440419867914,2.30637511336392,4.02211244109289,3.52966676613736,4.83569370330441,4.77111265845864,4.88932054990448,5.46584772871244,3.1533194997709,3.63585728630208,1.95833610914512,3.54767324596398,3.73458976458333,2.19777449221029,3.83683375453019,4.32948521158298,10.6396780688633,2.20288781513258,2.63765987993703,4.39996942543459,5.434980960013,5.358513872958
539,3.53404741408639,2.3096684850696,4.03192848466528,3.53689461717248,4.85415313745753,4.79178247676994,4.90793073663114,5.48335642159707,3.1609690687361,3.6479849849589,1.96479389752846,3.56067129375454,3.74774941872418,2.20111085464104,3.8594161198588,4.34321006413864,10.6870995377642,2.21723784628135,2.64706201349617,4.41764433171833,5.46123386698229,5.38342173655064
540,3.54213224931629,2.31274083851855,4.03984098404327,3.54223641907436,4.86988655679149,4.81063374869311,4.92435931096712,5.49877163524774,3.16770098343624,3.65901914261418,1.97003959658132,3.57230964375989,3.75879036588828,2.20318594299229,3.87907703402212,4.35548527179838,10.727315540722,2.23090646878228,2.65418408477435,4.43277162248189,5.48560097116532,5.40610720744815
541,3.54899534015553,2.31567621310525,4.04631506214773,3.54610240369442,4.88344105795816,4.82805613656753,4.93912828746565,5.51238746911064,3.17376614245192,3.66922189599931,1.9743605861475,3.58291879766722,3.76819236825341,2.20431433827905,3.89644644500311,4.36664914571197,10.7616862758026,2.24406337498663,2.65950982940712,4.44584528253605,5.50846243441693,5.42704703288465
542,3.55497332239078,2.31855864822418,4.05181584189952,3.54890280288405,4.89536373760941,4.84443930273258,4.95275968067994,5.52449802263201,3.17941544436369,3.67885538184563,1.97804424607081,3.59282925716372,3.77643518799734,2.20481062151633,3.91215430078473,4.37703999702922,10.791571941072,2.25687825724571,2.66352298303007,4.45735929669162,5.53019841859198,5.44671796009432
543,3.56040283180871,2.32147218326984,4.05680844621951,3.55104784849468,4.9062016923971,4.86017290952763,4.9657755051632,5.53539739525805,3.18489978775215,3.68818173688453,1.98137795619505,3.60237152393659,3.78399858729787,2.20498937371915,3.92683054934995,4.38699613689988,10.818332734596,2.26952080791077,2.66670728127875,4.46780764975938,5.55118908554531,5.46559673631129
544,3.56562050419599,2.32450085763669,4.06175799802857,3.55294777237771,4.9165020189731,4.87564661929207,4.97869777546865,5.54537968643499,3.19047007119786,3.69746309784738,1.98464909636405,3.61187609967304,3.79136232833276,2.20516517590253,3.94110513868175,4.39685587647375,10.8433288544405,2.28216071933311,2.66954645978874,4.47768432655014,5.57181459713177,5.48416010876974
545,3.57096297533931,2.32772871071923,4.06712962024756,3.55501280638454,4.92681181398927,4.89125009436529,4.99204850614951,5.55473899560903,3.19637719328141,3.70696160146555,1.98814504642161,3.62167348606026,3.79900617327981,2.20565260908147,3.95560801676308,4.40695752690059,10.8679204986715,2.294967683864,2.6725242541956,4.4874833118747,5.59245511520621,5.5028848247038
546,3.57676688102532,2.33123978191194,4.07338843579735,3.55765318236659,4.93767817409749,4.90737299708665,5.006349711759,5.5637694222264,3.20287205258337,3.71693938447039,1.99215318621152,3.63209418478544,3.80740988431677,2.20676625427099,3.97096913157692,4.41763939933019,10.8934678653549,2.30811139385473,2.6761244001349,4.49769859054384,5.61349080162349,5.52224763134764
547,3.58336885704071,2.33511811060928,4.08099956759879,3.56127913217526,4.94964819594961,4.92440498979554,5.02212340685031,5.57276506573331,3.21020554768432,3.7276585835933,1.99696089557762,3.64346869753578,3.81705322362145,2.2088206924861,3.98781843110624,4.42923980491234,10.9213311525566,2.32176154165656,2.68083063324222,4.50882414736836,5.63530181823844,5.5427252759354
548,3.59110553917214,2.33944773620576,4.09042813857276,3.56630088766196,4.96326897619751,4.94273573483134,5.03989160597669,5.58202002557597,3.21862857716483,3.73938133556562,2.00285555436369,3.65612752599849,3.82841595337161,2.21213050474181,4.00678586333399,4.4420970547968,10.9528705583426,2.3360878196208,2.68712668915312,4.52135396715906,5.65826832690592,5.56479450570124
549,3.6003135632063,2.34431269809585,4.10213927164011,3.57312868067811,4.97908761149305,4.96275489453343,5.06017632369133,5.59182840120061,3.22839203960548,3.75236977711874,2.01012454241356,3.67040117186074,3.84197783574504,2.21701027205315,4.02850137624315,4.45654946013335,10.9894462807786,2.3512599200987,2.69549630350317,4.53578203472674,5.68277048948078,5.58893206787931
550,3.61132956492985,2.34979703567404,4.11659808972171,3.5821727430751,4.99765119848809,4.98485213124119,5.08349957454746,5.60248429205343,3.23974683358685,3.76688604498403,2.01905523957102,3.68662013680976,3.85821863291951,2.22377457543512,4.05359491781669,4.47293533207179,11.0324185179307,2.36744753544156,2.70642321192794,4.5526023348822,5.70918846781787,5.61561470970377
551,3.62363250441176,2.35586552891672,4.13325170944279,3.59287876148761,5.01794923404056,5.00841991121063,5.10927870524779,5.6126755879915,3.25260973066794,3.78255586054341,2.02938045996433,3.70450967137233,3.87668003971546,2.23219156414846,4.08108750978797,4.49096527907015,11.0790086370437,2.3845529725569,2.71914563710068,4.57095731413566,5.73677552145912,5.64395241637631
552,3.636454162255,2.36239357953089,4.15115114058986,3.60436439635494,5.03860400851476,5.03256046876739,5.13647586160837,5.62110511595921,3.26662430325264,3.79880020164999,2.04057258864128,3.72347923037489,3.89647777073356,2.24173014166138,4.10952975232564,4.51003505337935,11.1256076289201,2.40230782262732,2.7325458087834,4.5896518361612,5.76454633240777,5.67273671096172
553,3.64976040504727,2.36933115950688,4.17016734582577,3.61654784023542,5.05961180882214,5.05722811835529,5.16493025685246,5.62808938103376,3.28163165118882,3.81557408974191,2.05252836182504,3.74338562195411,3.91745261782194,2.25225602030007,4.13884596106558,4.5300106818385,11.172330126962,2.4206257044167,2.7465734732448,4.60867351151536,5.79252319621057,5.7019666474888
554,3.6635170993763,2.37662824083504,4.19017128781334,3.6293472856874,5.08096892187417,5.08237717441817,5.19448110420331,5.63394488829236,3.29747287432436,3.83283254625733,2.06514451573877,3.76408565424663,3.93944537282874,2.2636349123907,4.16896045164367,4.55075819128669,11.2192907645716,2.43942023668891,2.76117837675357,4.62800995075468,5.82072840841427,5.73164127998633
555,3.67769011182976,2.38423479550571,4.21103392921542,3.6426809252692,5.10267163458231,5.10796195139986,5.22496761688416,5.63898814281223,3.31398907250715,3.85053059263439,2.07831778660565,3.7854361353891,3.96229682760211,2.27573253025946,4.19979753969579,4.57214360856302,11.2666041751511,2.45860503820783,2.77631026557842,4.64764876443569,5.84918426456565,5.7617596624831
556,3.69224530899538,2.39210079550924,4.23262623269484,3.65646695153917,5.12471623385801,5.13393676374419,5.25622900811826,5.64353564967056,3.33102134558507,3.86862325031122,2.09194491064882,3.80729387351817,3.98584777399017,2.28841458623254,4.23128154085781,4.59403296050658,11.3143849921028,2.47809372773735,2.79191888598803,4.66757756311493,5.87791306021146,5.79232084900789
557,3.70714855746086,2.40017621283596,4.25481916091443,3.67062355705565,5.14709900661274,5.16025592589498,5.28810449112884,5.64790391394457,3.348410793406,3.88706554072597,2.10592262409146,3.82951567677049,4.00993900384106,2.30154679263613,4.26333677076562,4.61629227395648,11.3627478488288,2.49779992404134,2.80795398425111,4.68778395734895,5.90693709089846,5.82332389358951
558,3.72236572381389,2.40841101947623,4.27748367653703,3.68506893437698,5.16981623975794,5.18687375229607,5.32043327913918,5.65240944071147,3.36599851581782,3.90581248531679,2.12014766315674,3.85195835328271,4.03441130900293,2.31499486179641,4.2958875450551,4.6387875757518,11.4118073787313,2.51763724588369,2.82436530663635,4.70825555769429,5.9362786521734,5.85476785025674
559,3.73786267464219,2.41675518742038,4.30049074222548,3.69972127606148,5.19286422020509,5.21374455739129,5.35305458537249,5.65736873504847,3.38362561266841,3.92481910552182,2.13451676406781,3.87447871119149,4.0591054813239,2.32862450603958,4.32885817936212,4.66138489273166,11.4616782152125,2.53751931202827,2.84110259941244,4.72897997470748,5.96596003958306,5.88665177303837
560,3.75360527653346,2.42515868865876,4.32371132064261,3.71449877466751,5.21623923486563,5.24082265562446,5.38580762305205,5.66309830203277,3.40113318380566,3.9440404227792,2.14892666304783,3.89693355863347,4.08386231265212,2.3423014376918,4.36217298932257,4.68395025173513,11.5124749916747,2.55735974123896,2.85811560884809,4.74994481894506,5.99600354867419,5.91897471596319
561,3.7695593960754,2.43357149518172,4.34701637445126,3.72931962275339,5.23993757065104,5.26806236143942,5.41853160540108,5.66991464674159,3.41836232907744,3.96343145852707,2.16327409631998,3.91917970374531,4.10852259483573,2.35589136907929,4.39575629057232,4.70634967960133,11.5643123415199,2.57707215227964,2.87535408121199,4.77113770096357,6.02643147499355,5.95173573305998
562,3.78569089985572,2.44194357897959,4.37027686631425,3.74410201287747,5.26395551447275,5.29541798927999,5.45106574564284,5.67813427425212,3.43515414833164,3.98294723420359,2.17745580010742,3.94107395466365,4.13292711972285,2.36926001252821,4.42953239874726,4.72844920316935,11.6173048981505,2.59657016391419,2.89276776277284,4.79254623131956,6.0572661140879,5.98493387835754
563,3.80196565446212,2.45022491204272,4.39336375889444,3.75876413759808,5.28828935324224,5.32284385359001,5.48324925700057,5.68807368964159,3.45134974141614,4.00254277124689,2.19136851063331,3.96247311952514,4.15691667916164,2.38227308036476,4.46342562948326,4.75011484927828,11.6715672949686,2.61576739490649,2.91030639979932,4.81415802056955,6.088529761504,6.01856820588467
564,3.81913851015688,2.45894879198672,4.4181971969947,3.77442129821545,5.31407514471564,5.35149956659147,5.51718495239658,5.69826911361622,3.46820322587506,4.02330819899963,2.20593407694691,3.98476994422528,4.18187671620681,2.39615850320963,4.49905179381622,4.77261233286997,11.729547647419,2.63526429417479,2.92920133406999,4.83700844505371,6.12090911122974,6.05381534271745
565,3.83779939799394,2.4685597892571,4.44633345632762,3.79198584688693,5.34215046615612,5.38228620478004,5.55460298491425,5.70726723421812,3.48682448722672,4.04609521311861,2.22194678949272,4.00915812247246,4.20900589746821,2.41197185799954,4.53768368894318,4.79702616392371,11.7928903617158,2.65560079295919,2.9504149844987,4.8618691220063,6.15487105845768,6.0915323032227
566,3.85766680574846,2.478874785089,4.47709769592051,3.81107155245652,5.37206388373572,5.41477027901009,5.59478357801844,5.71540025752834,3.50683827728033,4.07050118451323,2.23911204658678,4.03519588412273,4.23786485012666,2.4293203265347,4.57873110974182,4.82295056183482,11.8605045074144,2.67659973350638,2.97349371305715,4.88833202332503,6.19010820054161,6.13123872236527
567,3.8784592211956,2.48971066071761,4.50981507480071,3.83129218376825,5.40336396362648,5.44851830013596,5.63700695517404,5.7230003896279,3.52786934784509,4.09612348409287,2.25713524654511,4.06244145903213,4.26801420136296,2.44781109061534,4.62160385108979,4.84997974599857,11.9312991540704,2.69808395806306,2.99798388171702,4.91598912090762,6.22631313483533,6.17245423510998
568,3.89989513211052,2.50088429737809,4.54381075199556,3.85226150966613,5.43559927200044,5.48309677901201,5.68055333984591,5.73039983659784,3.5495424507302,4.12255948276693,2.27572178768375,4.0904530770567,4.29901457835793,2.46705133204166,4.66571170786475,4.87770793581027,12.0041833712396,2.71987630887592,3.02343185245002,4.9444323866518,6.26317845869262,6.21469847642169
569,3.9216930262684,2.5122125763056,4.57840988653238,3.87359329899418,5.46831837502964,5.51807222649259,5.72470295549893,5.7379308045192,3.57148233774487,4.14940655144479,2.29457706831875,4.11878896805248,4.33042660829237,2.48664823261389,4.71046447494436,4.90572935066522,12.0780662284775,2.74179962819163,3.04938398722782,4.97325379245527,6.30039676946728,6.25749108126524
570,3.94357139144438,2.52351237873532,4.61293763743851,3.89490132059642,5.50106983888611,5.55301115343206,5.76873602559797,5.74592549947302,3.59331376069829,4.17626206103585,2.31340648676611,4.14700736187553,4.36181091834709,2.50620897413224,4.75527194720628,4.9336382099587,12.1518567953397,2.76367675825689,3.07538664802213,5.00204531021575,6.33766066451311,6.30035168460546
571,3.96524871541364,2.53460058590239,4.64671916374129,3.91579934331686,5.53340222974189,5.58748007068478,5.81193277360789,5.75471612754031,3.61466147139966,4.20272338244948,2.33191544134189,4.17466648838187,4.3927281357029,2.52534073839692,4.79954391952816,4.96102873308601,12.2244641413819,2.78533054131839,3.10098619680463,5.03039891183096,6.37466274118388,6.3427999214072
572,3.98644348595134,2.545294079042,4.67907962446804,3.93590113599953,5.56486411376902,5.62104548910509,5.85357342299358,5.76463489480213,3.63515022165819,4.22838788659508,2.34980933036212,4.20132457742755,4.42273888754062,2.54365070720816,4.84269018678768,4.98749513944244,12.2947973361597,2.80658381962282,3.12572899554702,5.05790656919862,6.41109559683339,6.3843554266353
573,4.00687419083264,2.55540973938931,4.7093441786461,3.95482046748843,5.59500405713953,5.65327391954735,5.89293819721991,5.77601400733951,3.65440476328308,4.25285294438203,2.36679355214282,4.22653985886861,4.45140380104105,2.56074606236616,4.88412054386247,5.0126316484233,12.3617654492286,2.82725943541686,3.14916140622098,5.08416025421645,6.44665182881544,6.42453783525459
574,4.02625931783271,2.56476444817948,4.7368379853028,3.97217110662759,5.62337062602546,5.68373187286591,5.92930731975174,5.78918567123347,3.67204984808353,4.27571592671973,2.38257350500003,4.2498705625611,4.478283503385,2.57623398567114,4.9232447856302,5.03603247942387,12.4242775501443,2.84718023094721,3.17082979079822,5.10875193878215,6.48102403448381,6.46286678222993
575,4.04431735472671,2.57317508664768,4.76088620346547,3.98756682226102,5.64951238659886,5.71198585991513,5.96196101405395,5.80448209256507,3.68771022786875,4.29657420451757,2.39685458724979,4.27087491836106,4.50293862175327,2.58972165892332,4.95947270696854,5.05729185183945,12.4812427084625,2.86616904846054,3.19028051125041,5.13127359479345,6.5139048111923,6.49886190252615
576,4.06195641174156,2.58152281596829,4.78379047812955,4.00229144893602,5.6749752929557,5.7395703091922,5.99319586102352,5.82122027775964,3.70260048090869,4.3165915233668,2.41062067087648,4.29102255899867,4.52685696505629,2.60230621588622,4.99485287791983,5.07777956423148,12.5363082374193,2.88501864106911,3.20889273108701,5.15288377209197,6.54658747866281,6.53454476416874
577,4.08017693466866,2.59067913737901,4.80803982166436,4.01774700929651,5.70142701185365,5.76812603355306,6.02554781198401,5.83851877653204,3.71805447068903,4.33709104344215,2.42494563870687,4.31191211775889,4.55165145381866,2.61525554382953,5.03158616855692,5.09898146710389,12.5934440031015,2.90452661219937,3.22820744797245,5.17490978131358,6.58039645021875,6.57197713812434
578,4.09883591462986,2.60044644221,4.83324044415806,4.03372455433142,5.72859867845726,5.79737912039025,6.05865614604009,5.85641210989757,3.7338758768425,4.35790925752816,2.4396699053206,4.33329532532994,4.57707038264245,2.62843295481274,5.06931082380316,5.12066585776578,12.6520429043404,2.92452307956936,3.2480137751109,5.19719673554737,6.6150709636162,6.61073896376943
579,4.11779034274704,2.61062712179144,4.85899855569883,4.05001513502969,5.75622142793109,5.82705565709629,6.09216014229646,5.87493479887148,3.74986837900186,4.37888265840938,2.45463388529727,4.35492391240005,4.60286204612977,2.64170176089532,5.10766508858193,5.14260103352623,12.7114978399673,2.94483816089712,3.26810082570653,5.21958974788244,6.65035025661122,6.65041018048054
580,4.13689721014206,2.62102356745347,4.88492036637483,4.06640980238026,5.78402639543971,5.8568817310637,6.12569907985781,5.89412136446908,3.76583565679985,4.39984773887036,2.46967799321652,4.37654960965743,4.62877473888271,2.65492527413676,5.14628720781661,5.16455529169433,12.7712017088134,2.9653019739007,3.28825771296352,5.2419339314079,6.6859735669599,6.69057072763418
581,4.15601350793679,2.63143817052627,4.91061208627423,4.08269960737206,5.81174471614765,5.88658342968501,6.15891223782883,5.91400632770563,3.78158138986922,4.42064099169565,2.48464264365798,4.39792414779031,4.65455675550336,2.66796680659654,5.18481542643057,5.18629692957916,12.83054740971,2.98574463629814,3.30827355008603,5.26407439921283,6.72168013241829,6.73080054460685
582,4.17499622725309,2.64167332234,4.93567992548518,4.09867560099404,5.8391075252195,5.91588684035273,6.19143889531422,5.93462420959642,3.79690925784271,4.4410989096698,2.49936825120125,4.4187992574869,4.67995639059381,2.68068967033414,5.22288798934718,5.20759424448981,12.8889278414885,3.00599626580747,3.32793745027824,5.28585626438634,6.75720919074248,6.77067957077508
583,4.19370235921283,2.65153141422481,4.95973009409587,4.11412883423512,5.86584595781979,5.9445180504594,6.22291833141866,5.95600953115673,3.81162294035306,4.46105798557737,2.51369523042596,4.43892666943542,4.70472193875616,2.69295717740904,5.26014314148982,5.22821553373536,12.94573590298,3.02588698014673,3.34703852674431,5.30712464001752,6.79229997968853,6.80978774551536
584,4.21198889493787,2.66081483751088,4.98236880219444,4.12885035808424,5.89169114911309,5.97220314739754,6.25298982524685,5.97819681340185,3.82552611703302,4.48035471220289,2.52746399591175,4.45805811432408,4.72860169459249,2.70463263988072,5.29621912778185,5.2479290946249,13.0003644930159,3.04524689703397,3.36536589268842,5.32772463919547,6.82669173701251,6.84770500820421
585,4.22971282555007,2.66932598352836,5.00320225986908,4.14263122353035,5.91637423426395,5.99866821855967,6.28129265590348,6.00122057734704,3.83842246751535,4.49882558233093,2.54051496223822,4.47594532284112,4.75134395270489,2.71557936980866,5.33075419314665,5.26650322446751,13.0522065104274,3.06390613418722,3.38270866131474,5.34750137500929,6.8601237004705,6.88401129821815
586,4.24673114217132,2.67686724360742,5.02183667720795,4.15526248156237,5.93962634843694,6.02363935133831,6.30746610249324,6.02511534400761,3.85011567143277,4.51630708874603,2.552688543985,4.49234002567475,4.77269700769547,2.72566067925235,5.3633865825076,5.28370622057228,13.1006548540459,3.08169480932453,3.39885594582745,5.36629996054807,6.89233510781856,6.91828655493368
587,4.26290083592346,2.68324100907823,5.0378782642992,4.16653518316925,5.9611786267966,6.04684263312599,6.33114944412083,6.04991563439881,3.86040940841804,4.53263572423273,2.56382515573172,4.50699395351319,4.79240915416631,2.73473988027126,5.39375454078806,5.29930638024829,13.1451024227026,3.09844304016393,3.4135968594307,5.38396550890092,6.92306519681277,6.95011071772731
588,4.27807889792837,2.68824967127094,5.05093323123102,4.17624037933992,5.9807622045075,6.06800415131524,6.35198195989092,6.07565596953595,3.86910735810391,4.54764798157561,2.573765212058,4.51965883704465,4.8102286867195,2.74268028492489,5.42149631291141,5.31307200080463,13.1849421152288,3.11398094442347,3.42672051532869,5.40034313315693,6.9520532052092,6.97906372597556
589,4.29241749735691,2.69202925399826,5.06101073872514,4.18436027291051,5.99863268335326,6.08721836168109,6.3700122755557,6.1028901907231,3.87609668246362,4.56153558585291,2.58230792827898,4.53069312024519,4.8263083221665,2.74934933487344,5.44689509564618,5.32494340696215,13.2203470052872,3.12828453162176,3.43829605031583,5.41562217246565,6.97944493361618,7.00551123564861
590,4.30618526510935,2.694905724043,5.06856103413339,4.19111385796576,6.01528021219534,6.1048657163957,6.38567830880358,6.13198282938962,3.88151293698478,4.57462473483031,2.58948310657822,4.54063660763979,4.84104397295988,2.7547985611256,5.47056831012178,5.3351374955578,13.2521322977446,3.1415290578607,3.44861517580454,5.43011046416788,7.00564047507149,7.03020151828111
591,4.31941388490162,2.69696638719049,5.07385195748902,4.1966473723675,6.03078774681503,6.12110129744723,6.39920327664367,6.1626844417387,3.88553239157166,4.58695363032346,2.59547704183793,4.54951307074011,4.85454872716337,2.75916740976348,5.49265553780292,5.3438374220748,13.2806540882377,3.15384351073322,3.45780086692591,5.44383086863959,7.03076050597538,7.05328843659621
592,4.3321350404497,2.69829854922604,5.07715134882532,4.20110705397756,6.04523824299365,6.13608018682383,6.41081039608508,6.19474558397352,3.88833131612854,4.59856047414799,2.60047602894034,4.55734628105779,4.86693567284073,2.76259532686919,5.51329636015431,5.35122634199638,13.3062684724035,3.16535687783226,3.46597609881104,5.45680624625675,7.05492570272808,7.0749258533171
593,4.34438041546951,2.69898951593497,5.07872704817554,4.20463914065777,6.0587146565125,6.14995746651366,6.42072288413689,6.22791681229728,3.89008598055968,4.60948346811957,2.60466636276767,4.56416001010449,4.87831789805569,2.76522175852487,5.53263035864067,5.35748741080576,13.3293315458789,3.17619814675075,3.47326384659102,5.46905945739532,7.07825674172983,7.09526763116695
594,4.35618169367703,2.69912659310259,5.07884689557297,4.20738987026998,6.07129994315288,6.16288821850489,6.42916395780823,6.26194868291315,3.89097265476937,4.61976081405383,2.60823433820214,4.56997802939185,4.88880849087202,2.76718615081263,5.5507971147267,5.36280378398616,13.3501994043009,3.18649630508162,3.47978708539696,5.48061336243127,7.10087429938087,7.11446763286893
595,4.36757055878819,2.69879708651423,5.07777873105087,4.20950548067602,6.0830770586961,6.17502752478567,6.43635683410819,6.29659175202432,3.89116760866187,4.62943071376642,2.61136625012598,4.57482411043153,4.89852053935346,2.76862794981459,5.56793620987711,5.36735861702081,13.3692281433063,3.19638034041782,3.48566879035995,5.49149082174057,7.12289905208142,7.13267972114622
596,4.37857869451895,2.69808830195519,5.07579039464252,4.21113220973771,6.09412895892346,6.18653046734416,6.44252473004587,6.33159657583399,3.89084711214147,4.63853136907299,2.61424839342139,4.57872202473517,4.90756713156375,2.76968660161289,5.58418722555661,5.37133506539294,13.3867738585321,3.20597924035228,3.49103193661109,5.50171469569919,7.14445167623174,7.15005775872198
597,4.38923778458527,2.69708754521079,5.07314972638118,4.21241629531689,6.10453859961626,6.19755212816852,6.44789086263037,6.36671371054533,3.89018743511242,4.64710098178918,2.61706706297062,4.58169554381443,4.91606135556663,2.77050155228962,5.59968974322991,5.37491628458576,13.4031926456152,3.21542199247793,3.49599949928149,5.5113078446831,7.16565284823206,7.16675560831939
598,4.39957951270308,2.69588212206636,5.07012456630012,4.2135039752754,6.11438893655582,6.20824758924691,6.45267844887079,6.40169371236154,3.88936484747901,4.65517775373064,2.62000855365587,4.58376843918095,4.92411629942587,2.77121224792693,5.61458334436171,5.37828543008251,13.4188406001925,3.22483758438771,3.50069445350223,5.52029312906826,7.18662324448262,7.18292713266162
599,4.40963556258835,2.69455933830721,5.06698275443262,4.21454148747506,6.12376292552344,6.21877193256748,6.45711070577625,6.43628713748579,3.88855561914551,4.66279988671302,2.62325916035937,4.58496448234639,4.93184505120519,2.77195813460693,5.62900761041674,5.3816256573664,13.4340738179009,3.23435500367455,3.50523977440441,5.52869340923064,7.20748354138364,7.19872619447185
600,4.41943761795703,2.69320649971866,5.06399213081195,4.21567506977772,6.13274352230041,6.22928024011841,6.46141085035583,6.47024454212129,3.88793602001618,4.67000558255196,2.62700517796335,4.58530744482239,4.93936069896836,2.77287865841174,5.64310212285969,5.38512012192067,13.4492483943774,3.24410323793139,3.50975843711915,5.5365315455462,7.22835441533538,7.21430665647325
601,4.42885890212889,2.69141593523684,5.06039635075182,4.21651640101693,6.14109933795422,6.23941087675103,6.46498420733605,6.50447276153296,3.88709753573948,4.67667307338598,2.63097952116196,4.58465823503034,4.94641122342987,2.77373950776715,5.65657121960627,5.38842803835055,13.4631368203257,3.25380962408009,3.51403131678271,5.54376977251864,7.24877345518679,7.22909924021541
602,4.43778062939924,2.68879088510144,5.05535080844971,4.21662412596837,6.14857864564551,6.2487294282621,6.46715847792693,6.53993087584676,3.8855528336845,4.68267524758507,2.63478354119201,4.58290212697821,4.95269306006855,2.77422028677903,5.66905345763054,5.39110223413971,13.4744469718001,3.26313357060995,3.51776552478525,5.55036655315232,7.26827204091687,7.24252069218542
603,4.44624646994732,2.68543502205309,5.04899095226454,4.21606493140709,6.15523389429534,6.25728180805791,6.46804044386291,6.57644780855736,3.88335995633657,4.68804229131215,2.63840618774967,4.58009944055753,4.95824197909467,2.77433131504963,5.68058974698477,5.39316628408901,13.4834380224634,3.27210217246505,3.52097339063867,5.55633909057418,7.28696153562094,7.2547039125127
604,4.45430009395236,2.68145201883243,5.04145223055522,4.2149055041081,6.1611175328248,6.26511392954472,6.46773688687839,6.61385248315948,3.880576946181,4.69280439073011,2.64183641053109,4.57631049565982,4.96309375071849,2.77408291218124,5.69122099772123,5.39464376299929,13.4903691459785,3.28074252458949,3.52366724385489,5.56170458791121,7.30495330239432,7.26578180132667
605,4.4619851715936,2.67694554818009,5.03287009168066,4.21321253084644,6.16628201015495,6.27227170612883,6.46635458870779,6.65197382314779,3.87726184570309,4.69699173200184,2.64506315923244,4.57159561217662,4.96728414515027,2.7734853977761,5.70098811989218,5.39555824567142,13.4954995160081,3.28908172192736,3.5258594139458,5.56648024829035,7.32235870433233,7.27588725875675
606,4.46934537305027,2.67201928283672,5.02337998399978,4.21105269839714,6.17077977520687,6.2788010512165,6.46400033108554,6.69064075201698,3.87347269738815,4.70063450129025,2.64807538354989,4.56601510999944,4.97084893260027,2.77254909143647,5.70993202354988,5.39593330690623,13.499088306215,3.29714685942273,3.5275622304233,5.57068327483856,7.33928910453027,7.28515318493235
607,4.47642436850161,2.66677689554293,5.01311735587149,4.20849269353522,6.17466327690163,6.28474787821403,6.46078089574604,6.72968219326175,3.8692675437215,4.70376288475823,2.6508620331796,4.55962930901981,4.97382388327874,2.77128431276463,5.71809361874661,5.3957925215046,13.5013946902622,3.30496503201971,3.5287880227993,5.57433087068282,7.35585586608347,7.29371247998289
608,4.48326582812686,2.66132205903937,5.00221765565471,4.20559920303571,6.1779849641603,6.29015810052768,6.45680306442371,6.76892707037679,3.86470442718845,4.70640706856867,2.65341205781774,4.55249852912927,4.97624476739596,2.76970138136282,5.72551381553463,5.39515946426737,13.5026778418123,3.31256333466238,3.52954912058571,5.57744023895008,7.37217035208724,7.30169804403779
609,4.48991342210524,2.65575844606667,4.99081633170835,4.20243891367364,6.18079728590394,6.29507763156374,6.45217361885298,6.80820430685679,3.8598413902743,4.70859723888448,2.65571440716047,4.54468309021933,4.97814735516218,2.76781061683332,5.73223352396621,5.3940577099954,13.5031969345283,3.31996886229483,3.52985785329442,5.58002858276731,7.38834392563689,7.30924277722647
610,4.496410820616,2.65018972936547,4.97904883239131,4.19907851222404,6.18315269105364,6.29955238472848,6.44699934076825,6.84734282619643,3.85473647546437,4.71036358186856,2.65775803090396,4.53624331218152,4.97956741678766,2.76562233877838,5.73829365409361,5.39251083348953,13.5032111420729,3.32720870986115,3.52972655043734,5.58211310526146,7.40448794982774,7.31647957967834
611,4.50280169383838,2.64471958167639,4.96705060606253,4.19558468546194,6.18510362853046,6.3036282734282,6.44138701190395,6.88617155189042,3.84944772524397,4.71173628368379,2.65953187874437,4.52723951490737,4.98054072248265,2.76314686680026,5.7437351159691,5.39054240955064,13.5029796381089,3.33430997230543,3.52916754152638,5.58371100955951,7.42071378775511,7.32354135152282
612,4.50912971195159,2.63945167574009,4.95495710108091,4.19202412016237,6.18670254725548,6.30735121106915,6.43544341399449,6.92451940743343,3.84403318209841,4.71274553049308,2.66102490037787,4.5177320182884,4.98110304245743,2.76039452050124,5.74859881964495,5.38817601297955,13.5027615962992,3.34129974457175,3.52819315607344,5.5848394987884,7.43713280251431,7.33056099288933
613,4.51543854513489,2.63448968429718,4.94290376580536,4.18846350310035,6.18800189614977,6.31076711105763,6.42927532877429,6.96221531632017,3.83855088851299,4.71342150845933,2.66222604550063,4.50778114221615,4.98129014692225,2.75737561948355,5.75292567517341,5.38543521857714,13.5028161903066,3.34820512160421,3.52681572359041,5.5855157760751,7.45385635720066,7.33767140390728
614,4.52043820778798,2.62883653057042,4.92802259202122,4.18343816928482,6.18670871668617,6.31196411672602,6.41936077368543,7.00117911186394,3.83124948440594,4.71208836192404,2.66223972106149,4.49483595427425,4.97903638689934,2.75282636712377,5.75402811537035,5.38061411424789,13.4995124914047,3.35396026678428,3.52350637689909,5.58365716618698,7.46940872046157,7.3424823150764
615,4.52313104402293,2.62163982197359,4.90805429066044,4.17579753062906,6.18108443286346,6.30949379637283,6.40300017651026,7.04300161886357,3.82077498658579,4.7074886904456,2.66042550837289,4.47696200537223,4.97279182173237,2.74581254533066,5.74989455605355,5.37243628206846,13.4898889557996,3.35775401457575,3.51713487640186,5.57772325299742,7.48257578459261,7.34308564310666
616,4.52399921858752,2.61322025753384,4.88404738880184,4.16607938926461,6.17201306739159,6.30409720085355,6.38153393449355,7.08701824804199,3.8077815028733,4.70028036301227,2.65715511867637,4.4551443403904,4.96336578411378,2.73683884150483,5.74157988177823,5.36156953809792,13.4752088345526,3.35999546654623,3.50831149298154,5.5685446282924,7.49386134816128,7.34033756744282
617,4.52352489622954,2.60389853627833,4.85705041352425,4.15482154732302,6.16037864298053,6.29651538102368,6.3563024448801,7.13256441012213,3.79292314108924,4.69112124861227,2.65280026321349,4.43036800420909,4.951567606736,2.72640994304689,5.7301389770996,5.34868169839538,13.4567353787248,3.36109372426328,3.49764649752094,5.55695188385792,7.50376920973507,7.3350942675297
618,4.52219024169676,2.59399535723421,4.82811189190649,4.14256180693583,6.14706518234023,6.28748938773869,6.32864610491469,7.17897551582695,3.77685400905437,4.68066921623385,2.64773265322576,4.40361804170863,4.93820662229147,2.71503053735744,5.71662672657287,5.33444057901992,13.4357318393776,3.36145788929452,3.48575016090288,5.54377561147996,7.51280316788151,7.32821192281207
619,4.52047741973698,2.58383141942864,4.79828035102738,4.1298379702346,6.13295670818065,6.27776027185408,6.29990531184212,7.22558697587939,3.76022821458945,4.66958213486524,2.64232399995475,4.37587949776934,4.92409216347261,2.7032053118371,5.70209801475324,5.31951399603065,13.4134614675722,3.36149706320752,3.47323275401018,5.52984640294452,7.5214670211681,7.32054671273471
620,4.51886859509797,2.57372742188877,4.76860431796575,4.11718783935087,6.11893724321175,6.26806908422533,6.27142046290716,7.27173420100237,3.74369986551525,4.65851787349468,2.63694601464199,4.34813741727154,4.91003356297187,2.69143895388646,5.68760772619591,5.30456976548665,13.3911875143699,3.36162034756987,3.46070454772565,5.51599485003758,7.53026456816235,7.31295481674243
621,4.51784593252751,2.56400406364177,4.74013231980041,4.10514921641618,6.10589081014348,6.25915687570794,6.2445319553546,7.31675260191885,3.72792306965254,4.64813430111041,2.63197040852901,4.32137684509556,4.89684015348168,2.68023615090614,5.6742107454561,5.29027570344701,13.3701732308319,3.36223684394917,3.44877581293212,5.50305154454515,7.53969960743176,7.30629241428
622,4.5178915967734,2.55498204371479,4.7139128836102,4.09425990356208,6.09470143168581,6.25176469715739,6.22058018642923,7.35997758935176,3.71355193482207,4.63908928670067,2.62776889285737,4.29658282612171,4.88532126769447,2.67010159029673,5.66296195708902,5.27729962597084,13.3516818680196,3.363755653913,3.43805682051239,5.4918470782532,7.55027593754384,7.30141568479222
623,4.5194877525834,2.54698206113498,4.69099453647393,4.08505770292012,6.08625313054869,6.24663359942917,6.20090555337584,7.40074457402405,3.70124056884462,4.6320406992537,2.62471317886861,4.27474040523034,4.87628623830268,2.66153995945886,5.65491624564986,5.26630934911721,13.3369766769941,3.36658587902896,3.42915784134929,5.48321204294773,7.5624973570661,7.29918080772387
624,4.5231165647053,2.54032481492951,4.67242580547043,4.07808041662184,6.08142992944208,6.24450463337878,6.18684845343921,7.43838896665864,3.69164307954094,4.62764640775773,2.62317497780425,4.25683462730175,4.87054439799874,2.65505594579311,5.65112849569385,5.25797268894523,13.3273209088169,3.37113662086463,3.42268914632564,5.47797703041473,7.57686766456604,7.30044396251974
625,4.52926019788689,2.53533100412552,4.65925521767852,4.07386584679878,6.08111585107594,6.24611884986169,6.17974928386413,7.47224617797849,3.68541357473181,4.626564281201,2.62352600090585,4.24385053721627,4.86890507947509,2.65115423670011,5.65265359177617,5.25295746151399,13.323977814549,3.3778169809876,3.41926100632424,5.47697263244018,7.59389065861117,7.30606132862461
626,4.53704947736874,2.53139294311148,4.64953853766104,4.07127465197676,6.08368774312433,6.25005489422297,6.17702061362504,7.50346785900683,3.68130762866589,4.62744091760015,2.62496182375905,4.23365427131644,4.8697636847188,2.64856338571823,5.6572396528056,5.24981431415343,13.3241110839893,3.38585051086055,3.4175098272947,5.47856193982741,7.61278581980866,7.31446434134528
627,4.5452926136023,2.52769710755694,4.64064543016383,4.06884896343294,6.08693834464145,6.25441761798135,6.17521826075457,7.53367567078046,3.67766298177746,4.62852404330522,2.62646196997021,4.2235413533727,4.8710108997965,2.64576499012805,5.66201985646798,5.24671305101594,13.3241812622269,3.39419740582819,3.41573128311815,5.48058464752267,7.63240540900435,7.32352488484211
628,4.55398784915162,2.52425543841068,4.6325952725402,4.06664879242592,6.09087551540751,6.25923738125281,6.17439749608477,7.56291003904261,3.67450699116565,4.62987321980453,2.62807407281199,4.21364090940725,4.87269898351997,2.64289330294343,5.66712667548415,5.24375022339425,13.3243968832586,3.40287173328119,3.4140245465747,5.48308625352644,7.65270239512379,7.33325981184024
629,4.56313342658074,2.5210798766215,4.62540744214348,4.06473415021431,6.09550711520272,6.26454454415334,6.17461359044774,7.59121138953653,3.67186701392959,4.63154800858644,2.62984576555706,4.20408206544227,4.87488019470097,2.64008257717826,5.67269258257493,5.24102238258109,13.3249664810814,3.4118875606102,3.41248879044445,5.48611225583915,7.6736297470925,7.34368597506481
630,4.57272758845374,2.51818236313817,4.61910131632699,4.06316504805671,6.10084100380725,6.27036946679893,6.17592181467551,7.61862014800547,3.66977040716844,4.63360797113928,2.63182468147807,4.19499394749995,4.87760679215129,2.63746706584643,5.67885005046116,5.23862607986921,13.3260985896922,3.42125895520589,3.41122318750754,5.48970815246126,7.69514043383603,7.35482022724096
631,4.58276857733465,2.5155748389095,4.61369627244404,4.06200149721171,6.10688504100132,6.27674250930555,6.17837743960018,7.64517674019267,3.66824452798133,4.63611266895139,2.63405845384767,4.18650568160249,4.88093103468268,2.6351810219618,5.68573155186369,5.23665786655133,13.3280017430878,3.43099998445891,3.41032691054405,5.49391944139322,7.7171874242799,7.36667942109383
632,4.59325463578754,2.51326924488426,4.60921168784795,4.06130350893793,6.11364708656512,6.2836940317892,6.1820357360538,7.67092159184137,3.6673167334674,4.63912166351113,2.63659471593853,4.17874639377207,4.88490518110694,2.63335869853826,5.69346955950334,5.23521429392018,13.3308844752652,3.44112471575994,3.40989913233412,5.49879162063549,7.73972368734967,7.37928040934856
633,4.60418400637647,2.51127752201125,4.60566693989205,4.06113109449396,6.12113500027885,6.29125439436587,6.18695197486844,7.69589512869483,3.66701438072579,4.64269451630681,2.63948110102329,4.17184521003089,4.88958149023582,2.63213434858969,5.70219654610095,5.23439191326851,13.3349553202213,3.45164721649962,3.41003902565784,5.50437018818851,7.76270219197086,7.39264004473029
634,4.61555493166548,2.50961161123925,4.60308140592965,4.06154426513841,6.1293566419227,6.29945395715153,6.19318142687618,7.72013777649628,3.66736482685564,4.6468907888268,2.64276524237462,4.16593125640112,4.8950122208811,2.63164222512996,5.71204498437736,5.23428727588904,13.3404228119529,3.46258155406862,3.41084576329533,5.51070064205274,7.78607590706902,7.40677517996417
635,4.62736565421864,2.50828345351706,4.60147446331408,4.06260303212987,6.13831987127688,6.30832308026217,6.20077936290907,7.74368996098897,3.66839542895609,4.65177004255942,2.64649477326517,4.16113365890498,4.90124963185456,2.63201658117297,5.7231473470534,5.23499693307451,13.347495484457,3.47394179585761,3.4124185180267,5.51782848022863,7.80979780156968,7.42170266777533
636,4.63961441659999,2.50730498979346,4.60086548939865,4.06436740672695,6.14803254812158,6.31789212381378,6.20980105379919,7.76659210791615,3.67013354412628,4.65739183899303,2.6507173269676,4.15758154356464,4.90834598196796,2.63339166973258,5.7356361068499,5.23661743611766,13.3563818717304,3.48574200925724,3.41485646263206,5.52579920071663,7.83382084439837,7.43743936088892
637,4.6522994613736,2.50668816101724,4.60127386153669,4.06689740018826,6.15850253223701,6.32819144792234,6.22030177037861,7.78888464302106,3.67260652946535,4.66381573961595,2.65548053675457,4.15540403640229,4.91635353003308,2.63590174382268,5.74964373648771,5.23924533631122,13.3672905077701,3.49799626165817,3.41825876989153,5.53465830151719,7.85809800448064,7.45400211203007
638,4.66541903110352,2.5064449081372,4.60271895708151,4.07025302377239,6.16973768340335,6.33925141270384,6.23233678347938,7.81060799204695,3.67584174207244,4.67110130591653,2.66083203589873,4.15473026344013,4.92532453486169,2.63968105645715,5.76530270868766,5.24297718494793,13.3804299265729,3.51071862045107,3.42272461258522,5.54445128063077,7.88258225074203,7.47140777392392
639,4.67985207666974,2.50706246965818,4.60686163824092,4.07518795792391,6.18323896801093,6.35235540239277,6.24813784623884,7.83089176354726,3.68083665324124,4.68014183367318,2.66726942528787,4.15684729951907,4.93649295655766,2.64542902575687,5.78412808652376,5.24858688657026,13.3976955703525,3.52450787446095,3.42894046477307,5.55668385812358,7.9084852813501,7.49129887242248
640,4.69624143621198,2.50887929638577,4.61488320296088,4.0821809306512,6.20008725548876,6.36839534629878,6.26926366902536,7.84904490343495,3.68828183934214,4.69151380447698,2.67509555033513,4.1625383222948,4.9506905507264,2.6534906244325,5.80705612638395,5.25651457024626,13.4202123582352,3.53978027113594,3.43728109703,5.57239885143009,7.93674161946722,7.51484008037633
641,4.71423118318391,2.51168414771987,4.62608368220193,4.09087952455854,6.21966026017502,6.3868144221506,6.29475995851757,7.86537684349254,3.69774431508933,4.70480155853532,2.68406591110117,4.17117661201169,4.96736626943198,2.66346843738255,5.8333510909599,5.26635612405695,13.4470330395869,3.55627606580139,3.44737812690855,5.59094740460312,7.96688847151111,7.54133147100854
642,4.73346539103917,2.51526578306035,4.63976310692462,4.10093132225025,6.24133569640793,6.40705580767697,6.32367242139412,7.88019701550256,3.70879109519697,4.71958943605559,2.69393600764664,4.18213544891407,4.98596906473846,2.67496504950555,5.8622772429433,5.27770743608339,13.4772103637738,3.57373551378265,3.45886317196126,5.61168066169548,7.99846304389948,7.57007311754219
643,4.75358813323141,2.51941296180709,4.65522150808947,4.11198390633061,6.26449127852569,6.4285626806066,6.35504676433364,7.8938148512475,3.72098919437925,4.73546177724516,2.70446134003221,4.19478811324631,5.00594788870991,2.68758304570001,5.89309884502585,5.2901643944066,13.5097970801616,3.59189887040505,3.47136784974067,5.63394976676001,8.03100254305003,7.60036509320034
644,4.77424348321429,2.52391444335999,4.67175891665705,4.12368485940393,6.28850472086649,6.45077821866823,6.38792869401477,7.90653978250991,3.73390562735035,4.75200292231143,2.71539740831855,4.20850788525274,5.0267516934104,2.70092501086447,5.92508015989922,5.30332288710763,13.5438459381164,3.61050639099395,3.48452377779931,5.65710586384952,8.06404417538048,7.63150747120607
645,4.79507551444146,2.52855898711892,4.68867536358788,4.13568176407449,6.31275373776855,6.47314559959059,6.42136391711616,7.91868124107228,3.74710740882445,4.76879721146177,2.72649971256631,4.22266804517774,5.047829430904,2.71459352989743,5.95748545025511,5.31677880226753,13.5784096870041,3.62929833087467,3.49796257368974,5.68050009701684,8.09712514730854,7.66280032478243
646,4.81572830036657,2.53313535248377,4.70527087984251,4.1476222029466,6.33661604357006,6.49510800110241,6.45439814031645,7.93054865871714,3.76016155351572,4.78542898490358,2.73752375283616,4.23664187326564,5.06863005325477,2.72819118769743,5.98957897878519,5.33012802796732,13.6125410761907,3.64801494537258,3.51131585496449,5.70348361031478,8.12978266525193,7.69354372715249
647,4.83584591444327,2.53743229885443,4.72084549638148,4.15915375862456,6.35946935260923,6.51610860093242,6.48607707029428,7.94245146722701,3.77263507613836,4.80148258284423,2.74822502918876,4.24980264976079,5.08860251252678,2.74132056916298,6.02062500818116,5.34296645228804,13.6452928550421,3.666396489813,3.5242152391761,5.72540754779617,8.16155393562835,7.72303775153934
648,4.85507243012522,2.54123858563077,4.73469924416534,4.16992401371267,6.38069137922426,6.53559057680935,6.51544641372828,7.9546990983844,3.78409499140652,4.8165423454911,2.75835904168478,4.26152365490756,5.1071957607841,2.7535842591926,6.04988780113471,5.35488996331075,13.6757177729243,3.68418321952129,3.53629234387711,5.74562305351383,8.19197616485553,7.75058247116602
649,4.87305192086606,2.54434297221268,4.74613215415462,4.17958055081521,6.39965983775335,6.55299710646192,6.5415518772971,7.96760098397183,3.79410831403441,4.83019261305159,2.76768129038486,4.27117816895029,5.1238587500908,2.76458484268483,6.07663162033752,5.36549444911647,13.7028685792034,3.70111538982279,3.54717878662007,5.76348127152058,8.22058655935115,7.77547795925561
650,4.88942846011946,2.54653421800004,4.75444425730987,4.18777095253649,6.41575244253471,6.56777136761887,6.56343916767937,7.98146655577183,3.80224205873618,4.84201772573308,2.77594727534969,4.27813947213333,5.13804043251094,2.77392490453817,6.10012072848127,5.37437579778626,13.7257980232451,3.71693325604284,3.55650618495751,5.77833334586924,8.24692232553295,7.79702428903118
651,4.90501286394373,2.54832779467497,4.76130792364039,4.19542858191148,6.43056845351531,6.58142608117793,6.58347800823954,7.99566105232003,3.80952721128244,4.85310788847232,2.78384159613666,4.28411017187333,5.15127813690029,2.78276491324053,6.12237277050945,5.38278542535793,13.7472200979928,3.73243571015131,3.56532586072094,5.79170593249035,8.27211000274569,7.81711653885656
652,4.92082298684748,2.55035637857043,4.76879096128561,4.20365719192628,6.44602758914313,6.59574093012994,6.60454605330667,8.00934664784409,3.81723992982812,4.86476427561697,2.7921644095998,4.29108648740483,5.16536285135444,2.79243289937701,6.14575337152789,5.39213438790464,13.7702585733666,3.74852314785638,3.5748597955628,5.80548876424498,8.29752705736809,7.83798341512598
653,4.93681345995976,2.55258453606259,4.77678655840126,4.21235995011184,6.46198825150794,6.61055953534329,6.62645090600633,8.02252817766454,3.825314987664,4.87688768149075,2.80084455174467,4.29888211669906,5.18012401679713,2.80278279099188,6.17004876447178,5.40225803356033,13.7945808641978,3.76508808009085,3.584995596767,5.81957760058174,8.32308708636884,7.8594254331081
654,4.95293891440964,2.55497683352761,4.78518790314308,4.22144002399916,6.47830884269949,6.62572551768637,6.64900016946408,8.03521047710191,3.83368715808081,4.88937890041738,2.80981085857683,4.30731075772723,5.19539107415213,2.8136685161294,6.19504518227634,5.41299171045898,13.8198543853179,3.78202301778752,3.59562087161748,5.83386820094923,8.3487036867166,7.88124310807156
655,4.96915398132617,2.55749783734165,4.7938881836668,4.23080058111919,6.49484776480754,6.64108249802757,6.67200144680549,8.04739838147673,3.84229121436932,4.90213872672059,2.81899216610184,4.31618610846055,5.2109934643432,2.82494400283386,6.22052885787677,5.42417076673456,13.8457465515581,3.79922047187917,3.60662322739816,5.84825632479608,8.37429045538004,7.90323695528502
656,4.98541329183841,2.56011211388089,4.80278058812815,4.24034478900292,6.51146341992183,6.65647409723529,6.69526234115614,8.05909672610953,3.85106192982028,4.91506795472411,2.82831731032526,4.32532186687024,5.22676062829411,2.83646317914953,6.24628602420826,5.43563055052103,13.87192477775,3.81657295329861,3.61789027139297,5.8626377315709,8.39976098932783,7.92520749001714
657,5.00167147707542,2.56278422952149,4.81175830468287,4.2499758151813,6.52801421013213,6.67174393617791,6.71859045564159,8.07031034632084,3.85993407772444,4.92806737875167,2.83771512725266,4.33453173092752,5.24252200692861,2.8480799731207,6.27210291420603,5.44720640995235,13.8980564787247,3.83397297297864,3.62930961088584,5.87690818072229,8.42502888552864,7.94695522753658
658,5.01788316816626,2.56547875063961,4.82071452148669,4.25959682718533,6.54435853752818,6.68673563572383,6.74179339338741,8.08104407743118,3.86884243137255,4.94103779312698,2.84711445288959,4.3436293986036,5.25810704117046,2.85964831279162,6.29776576080528,5.4587336931625,13.9238090693138,3.85131304185204,3.6407688531607,5.89096343169888,8.45000774095115,7.96828068311199
659,5.03400299623999,2.56816024361141,4.82954242669535,4.26911099254596,6.56035480419974,6.70129281674144,6.76467875751917,8.09130275476108,3.87772176405537,4.95387999217377,2.85644412324163,4.3524285678697,5.27334517194344,2.87102212620659,6.3230607969412,5.47004774828544,13.9488499643485,3.86848567085163,3.65215560550147,5.90469924394928,8.47461115256402,7.98898437201202
660,5.04998559242567,2.57079327481306,4.83813520846456,4.27842147879417,6.57586141223657,6.71525910009912,6.78705415116244,8.10109121363108,3.88650684906365,4.96649477021576,2.86563297431433,4.36074293669703,5.2880658401713,2.88205534140987,6.34777425554901,5.48098392345514,13.9728465786602,3.88538337091018,3.66335747519207,5.9180113769221,8.49875271733593,8.00886680950533
661,5.06578558785236,2.57334241062073,4.84638605495008,4.28743145346094,6.59073676372841,6.72847810666528,6.80872717744279,8.1104142893617,3.89513245968815,4.9787829215767,2.87460984211325,4.36838620305681,5.3020984867778,2.89260188644574,6.3716923695639,5.49137756680557,13.9954663270804,3.90189865296051,3.67426206951645,5.93079559006595,8.52234603223554,8.02772851086057
662,5.0813576136491,2.57577221741058,4.85418815430764,4.29604408407723,6.60483926076503,6.74079345730829,6.82950543948579,8.11927681727348,3.90353336921961,4.99064524058028,2.88330356264396,4.37517206492025,5.3152725526867,2.90251568935848,6.39460137192108,5.50106402647069,14.0163766244404,3.9179240279354,3.68475699575852,5.94294764282944,8.54530469423153,8.04536999134641
663,5.09665630094498,2.57804726155877,4.86143469469295,4.30416253817402,6.61802730543618,6.75204877289656,6.84919654041701,8.12768363268693,3.9116443509488,5.00198252155026,2.89164297191202,4.38091422025857,5.32741747882177,2.91165067819236,6.41628749555576,5.50987865058447,14.0352448855715,3.93335200676765,3.69472986120221,5.9543632946612,8.56754230029256,8.06159176623149
664,5.11164231001003,2.5801995934848,4.86800726554442,4.31181491046853,6.630398054938,6.76223770466284,6.8677179228907,8.13578435558006,3.91945134349044,5.01281075990017,2.89968535555825,4.38579060478229,5.33867923633568,2.92015378231898,6.4368868369461,5.51805755958744,14.0524077911866,3.94829304060725,3.70433374049606,5.96484819185246,8.58904789684932,8.0764816098228
665,5.1263334220166,2.58228658929164,4.87393100943076,4.31913307100786,6.64217430876221,6.77153510555488,6.8852241125097,8.14369478695957,3.9270098031886,5.02324997873373,2.90754853682331,4.39014154922377,5.34935457016025,2.9283007790132,6.45673927971626,5.52595538430711,14.0684935323173,3.96295035036536,3.71379842269007,5.97438233528116,8.60991016451289,8.09033283921869
666,5.14076994944721,2.58431080388071,4.87931444420327,4.32617585031781,6.65340293244195,6.78005639901359,6.90187833682242,8.15136903368909,3.93435877992798,5.03335701390986,2.9152521581125,4.394024344087,5.35949908188797,2.93613886817419,6.47593673752037,5.53358523845794,14.0836067892733,3.97735560161659,3.7231265866704,5.98312301627598,8.63019215152254,8.10325428387485
667,5.15499220478434,2.58627479215341,4.88426608771321,4.33300207892417,6.66413079151038,6.78791700847988,6.91784382337727,8.15876120263226,3.9415373235933,5.0431887012875,2.92281586183112,4.39749627987596,5.36916837311134,2.94371524970112,6.49457112401259,5.54096023575437,14.0978522423643,3.99154045993553,3.73232091132318,5.99122752616559,8.64995690611753,8.115354773247
668,5.16904050051051,2.58818110901113,4.88889445781186,4.33967058735275,6.67440475150062,6.79523235739466,6.93328379972266,8.16582540065271,3.94858448406927,5.05280187672556,2.93025929038446,4.40061464709461,5.37841804542283,2.95107712349318,6.51273435284705,5.54809348991085,14.1113345718998,4.00553659089679,3.74138407553455,5.99885315627865,8.66926747653714,8.12674313679082
669,5.18295514910822,2.5900323093553,4.89330807235049,4.34624020612934,6.68427167794582,6.80211786919883,6.94836149340702,8.17251573461405,3.9555393112406,5.06225337608299,2.93760208617784,4.40343673624693,5.38730370041495,2.95827168944953,6.53051833767791,5.55499811464182,14.1241584581896,4.01937566007497,3.75031875819067,6.00615719794384,8.68818691102062,8.13752820396203
670,5.19677646305997,2.59183094808731,4.89761544918039,4.35276976577974,6.69377843637912,6.80868896733329,6.96324013197875,8.17878631137993,3.96244085499202,5.0716000352187,2.94486389161656,4.40601983783692,5.39588093968017,2.96534614746936,6.54801499215932,5.56168722366174,14.1364285815432,4.03308933304466,3.75912763817767,6.01329694248983,8.70677825780726,8.14781880421633
671,5.21054475484826,2.59357958010857,4.90192510615281,4.35931809682975,6.70297189233365,6.81506107523897,6.97808294298626,8.18459123781397,3.96932816520823,5.08089868999163,2.95206434910591,4.40842124236854,5.40420536481099,2.97234769745182,6.56531622994541,5.56817393068505,14.1482496222703,4.04670927538046,3.76781339438169,6.02042968124529,8.72510456513631,8.15772376700941
672,5.2243003369556,2.59528076032048,4.90634556111905,4.36594402980517,6.71189891134256,6.82134961635675,6.99305315397798,8.18988462077979,3.97624029177395,5.09020617626072,2.95922310105119,4.41069824034576,5.4123325773999,2.9793235392961,6.58251396469033,5.5744713494262,14.1597262606806,4.06026715265699,3.77637870568888,6.02771270553888,8.74322888124704,8.16735192179698
673,5.2380835218645,2.59693704362445,4.91098533193037,4.37270639523179,6.720606358939,6.82767001412755,7.00831399250232,8.19462056714104,3.98321628457389,5.09957932988488,2.96635978985771,4.41290812227258,5.42031817903938,2.98632087290137,6.59970011004824,5.58059259359963,14.1709631770836,4.07379463044883,3.78482625098539,6.03530330669928,8.76121425437873,8.17681209803474
674,5.25193462205744,2.59855098492188,4.91595293643805,4.3796640236354,6.72914110065609,6.83413769199227,7.02402868610768,8.19875318376132,3.99029519349277,5.10907498672305,2.97349405793077,4.41510817865297,5.42821777132193,2.99338689816681,6.61696657967327,5.58655077691979,14.1820650517891,4.08732337433058,3.79315870915735,6.04335877605516,8.77912373277063,8.18621312517839
675,5.26589395001694,2.60012513911417,4.92135689249336,4.38687574554182,6.73755000202698,6.84086807339183,7.04036046234248,8.20223657750428,3.99751606841529,5.11874998263415,2.98064554767568,4.4173556999909,5.43608695584003,3.00056881499158,6.63440528721958,5.59235901310113,14.1931365651067,4.10088504987685,3.80137875909092,6.05203640493519,8.79702036466202,8.19566383268363
676,5.27982223475049,2.60162354696606,4.92683376057218,4.39416050013819,6.74563832622738,6.8475121098211,7.05679774828106,8.20524025061313,4.00472227829298,5.12840529509791,2.98772824360178,4.41943887174624,5.44372072820713,3.00770761293133,6.65169977811138,5.59792645982558,14.2038269788565,4.11436887500606,3.80941948627764,6.06087829059243,8.8146987235575,8.20482673487254
677,5.29356945084314,2.60301765095311,4.93198648572559,4.40131476542431,6.75320772791897,6.85367483790602,7.0727694132018,8.20794275781336,4.01175210823167,5.13782645831624,2.9946561204278,4.42113332862618,5.45090243904279,3.01462965757157,6.66850730639383,5.6031710368714,14.2137530747263,4.12765534253312,3.81722941320007,6.0693583440254,8.83193184788325,8.21332357716024
678,5.30715977914369,2.60432110854298,4.93687316266766,4.408363680145,6.76029965986386,6.85940280878403,7.0883493479592,8.21031178469203,4.0186369823476,5.14704714323135,3.00144880587308,4.42247753500566,5.45767022244869,3.02136021285627,6.68488034865249,5.60811900109751,14.2229708128269,4.14076303037731,3.82483437423081,6.07753157718088,8.8487504832609,8.22120203564204
679,5.32061740050097,2.60554757720335,4.94155188611251,4.41533238304505,6.76695557482414,6.86474257359258,7.10361144340776,8.21231501683622,4.02540832475703,5.15610102078543,3.00812592765696,4.42350995525962,5.46406221252651,3.02792454272941,6.70087138147291,5.61279660936287,14.2315361532689,4.15371051645793,3.83226020374248,6.0854530020057,8.86518537531206,8.22850978641322
680,5.33396649576382,2.60671071440189,4.9460807507742,4.42224601286928,6.77321692556193,6.86974068346911,7.118629590402,8.21392013983298,4.03209755957619,5.16502176192072,3.01470711349879,4.424269053763,5.47011654337792,3.03434791113497,6.71653288144062,5.6172301185264,14.2395050561632,4.16651637869429,3.83953273610768,6.09317763044666,8.88126726965837,8.23529450556908
681,5.34723124578105,2.60782417760627,4.95051785136683,4.42912970836249,6.77912516483931,6.87444368955108,7.13347767979639,8.21509483926937,4.03873611092131,5.1738430375794,3.02121199111789,4.42479329489074,5.47587134910461,3.04065558201692,6.73191732514117,5.62144578544706,14.2469334816205,4.17919919500568,3.84667780569902,6.10076047445057,8.89702691192144,8.24160386920491
682,5.36043583140148,2.60890162428415,4.95492128260449,4.43600860826949,6.7847217454184,6.87889814297592,7.14822960244546,8.21580680073247,4.04535540290865,5.18259851870369,3.02766018823363,4.42512114301778,5.48136476380825,3.04687281931924,6.74707718916013,5.62546986698376,14.2538773897517,4.1917775433114,3.85372124688911,6.10825654596422,8.91249504772291,8.24748555341601
683,5.37360443347395,2.6099567119032,4.95934913920126,4.44290785133507,6.7900481200613,6.88315059488109,7.16295924920369,8.21602370980933,4.05198685965444,5.19132187623581,3.03407133256532,4.42529106251907,5.48663492159051,3.0530248869859,6.76206495008302,5.62932861999546,14.2603927406673,4.20427000153074,3.86068889405057,6.11572085693444,8.9277024226844,8.25298723429768
684,5.38676123284726,2.61100309793111,4.96385951587123,4.44985257630405,6.79514574153011,6.88724759640403,7.1777405109256,8.21571325208701,4.05866190527492,5.20004678111795,3.04046505183233,4.42534151776954,5.49171995655309,3.05913704896089,6.77693308449541,5.63304830134109,14.2665354944784,4.21669514758301,3.86760658155599,6.12320841930801,8.94267978242754,8.25815658794521
685,5.39993041037025,2.61205443983552,4.9685105073285,4.45686792192122,6.80005606258693,6.89123569868219,7.19264727846567,8.21484311315259,4.06541196388633,5.20880690429233,3.04686097375398,4.42531097314415,5.49665800279765,3.06523456918818,6.79173406898284,5.63665516787959,14.2723616112955,4.2290715593875,3.874500143778,6.13077424503176,8.95745787257394,8.2630412904539
686,5.41313614689175,2.61312439508412,4.97336020828715,4.4639790269314,6.80482053599387,6.89516145285303,7.20775344267842,8.21338097859312,4.07226845960491,5.21763591670117,3.05327872604961,4.42523789301782,5.50148719442587,3.07134271161175,6.80652038013086,5.64017547646989,14.2779270512295,4.24141781486352,3.8813954150892,6.1384733460525,8.97206743874524,8.26768901791903
687,5.42640262326056,2.61422662114458,4.97846671346126,4.47121103007939,6.80948061451303,6.89907141005397,7.22313289441835,8.21129453399567,4.07926281654691,5.22656748928665,3.05973793643858,4.42516074176551,5.50624566553943,3.07748674017557,6.82134449452502,5.64363548397095,14.2832877743911,4.25375249193035,3.88831822986219,6.14636073431701,8.98653922656306,8.27214744643591
688,5.43975402032552,2.61537477548456,4.98388811756493,4.47858907011,6.8140777509065,6.90301212142248,7.23885952453995,8.20855146494729,4.08642645882856,5.235635292991,3.06625823264021,4.42511798376215,5.51097155024001,3.08369191882363,6.83625888875086,5.64706144724168,14.2884997408911,4.2660941685073,3.8952944224696,6.15449142177212,9.00090398164903,8.27646425209982
689,5.45318444776492,2.61656207439858,4.98962139459746,4.48611166615614,6.81860141325599,6.90698800186628,7.25492961725989,8.20516806582945,4.09375358079527,5.24483636175336,3.07283340725511,4.42510568065827,5.51565950891782,3.08996222865222,6.85126378333838,5.65044770106002,14.2935654138233,4.27844193476568,3.9023153185448,6.16287412632682,9.01516321823608,8.28064464147102
690,5.46666509378094,2.61776913548845,4.99560742803396,4.49375307162643,6.82300189210093,6.91095778709341,7.27126800462378,8.20119047882764,4.1012085119974,5.25413540705925,3.07943881522188,4.42508304588075,5.52026772339967,3.09627675934052,6.86630851173763,5.65376378434717,14.2984327637709,4.29077699539932,3.90934809837332,6.17146326096221,9.02928850588471,8.28464696327417
691,5.48018575700826,2.61899071818273,5.00182017680216,4.50150202667921,6.82726187389004,6.91489950944177,7.28784139922953,8.19663116123501,4.10877787935862,5.26351761617049,3.08606642776689,4.4250332714691,5.52477960994212,3.10262343770678,6.8813692199142,5.65699876017696,14.303076012079,4.30309110011128,3.91638237830598,6.1802323802333,9.04326567320786,8.28844860685123
692,5.49373623608155,2.62022158191004,5.00823359982981,4.50934727147283,6.83136404507203,6.91879120124926,7.30461651367508,8.1915025703447,4.11644830980261,5.27296817634889,3.09270821611649,4.42493954946285,5.52917858480176,3.10899019056927,6.89642205383371,5.66014169162323,14.3074693800927,4.31537599860463,3.9234077746936,6.18915503869507,9.05708054881849,8.29202696154416
693,5.50730632963549,2.62145648609895,5.01482165604464,4.51727754616563,6.83529109209563,6.92261089485379,7.32156006055834,8.18581716344985,4.12420643025302,5.28247227485624,3.09935615149706,4.42478507190149,5.53344806423514,3.11536494474624,6.91144315946177,5.66318164175983,14.311587089157,4.32762344058242,3.93041390388699,6.1982047909025,9.07071896132955,8.29535941669492
694,5.52088583630477,2.62269019017806,5.0215583043744,4.52528159091595,6.83902570140956,6.92633662259326,7.33863875247726,8.1795873978436,4.13203886763352,5.29201509895435,3.10600220513495,4.42455303082454,5.53757146449886,3.12173562705598,6.92640868276396,5.6661076736606,14.3154033606171,4.33982517574771,3.93739038223696,6.20735519141059,9.08416673935399,8.29842336164546
695,5.53446455472405,2.62391745357594,5.02841750374683,4.53334814588213,6.84255055946253,6.92994641680558,7.35581930202975,8.17282573081909,4.13993224886779,5.30158183590504,3.11263834825652,4.42422661827151,5.54153220184948,3.12809016431672,6.94129476970592,5.66890885039938,14.3188924158181,4.35197295380356,3.94432682609434,6.21657979477433,9.09740971150475,8.30119618573775
696,5.548032283528,2.62513303572119,5.03537321308968,4.54146595122251,6.84584835270327,6.93341830982865,7.37306842181375,8.16554461966947,4.1478732008795,5.3111576729701,3.11925655208813,4.4237890262819,5.54531369254357,3.13441648334675,6.95607756625322,5.67157423505002,14.3220284761049,4.36405852445304,3.95121285180993,6.2258521555487,9.1104337063948,8.30365527831374
697,5.56157882135132,2.6263316960424,5.04239939133069,4.54962374709544,6.84890176758049,6.93673033400037,7.39035282442716,8.15775652168788,4.15584835059231,5.32072779741135,3.12584878785615,4.42322344689524,5.54889935283771,3.14070251096431,6.9707332183715,5.67409289068635,14.3247857628227,4.3760736373992,3.95803807573457,6.23514582828869,9.12322455263708,8.30577802871539
698,5.57509396682866,2.62750819396816,5.0494699973976,4.55781027365926,6.85169349054291,6.93986052165865,7.40763922246793,8.14947389416747,4.16384432492989,5.33027739649059,3.13240702678694,4.42251307215103,5.55227259898847,3.14693617398768,6.98523787202634,5.67645388038221,14.3271384973166,4.38801004234511,3.96479211421905,6.2444343675493,9.13576807884455,8.30754182628465
699,5.58856751859472,2.62865728892704,5.05655899021815,4.56601427107232,6.85420620803926,6.94278690514139,7.42489432853398,8.14070919440136,4.17184775081592,5.33979165746963,3.13892324010685,4.42164109408877,5.55541684725242,3.15310539923511,6.99956767318336,5.67864626721145,14.3290609009317,4.39985948899383,3.97146458361421,6.25369132788551,9.14805011363015,8.30892406036349
700,5.60198927528416,2.62977374034765,5.06364032872009,4.57422447949294,6.85642260651825,6.9454875167865,7.44208485522323,8.13147487968272,4.17984525517405,5.34925576761027,3.14538939904226,4.42059070474798,5.55831551388614,3.15919811352487,7.01369876780816,5.68065911424792,14.3305271950129,4.41161372704842,3.97804510027085,6.2628902638523,9.16005648560683,8.30990212029386
